/*--------------------------------*- C++ -*----------------------------------*\
  =========                 |
  \\      /  F ield         | OpenFOAM: The Open Source CFD Toolbox
   \\    /   O peration     | Website:  https://openfoam.org
    \\  /    A nd           | Version:  6
     \\/     M anipulation  |
\*---------------------------------------------------------------------------*/
FoamFile
{
    version     2.0;
    format      ascii;
    class       vectorField;
    location    "constant/polyMesh";
    object      points;
}
// * * * * * * * * * * * * * * * * * * * * * * * * * * * * * * * * * * * * * //


3362
(
(-10 -10 0.01)
(-9.25 -10 0.01)
(-8.5 -10 0.01)
(-7.75 -10 0.01)
(-7 -10 0.01)
(-6.25 -10 0.01)
(-5.5 -10 0.01)
(-4.75 -10 0.01)
(-4 -10 0.01)
(-3.25 -10 0.01)
(-2.5 -10 0.01)
(-1.75 -10 0.01)
(-1 -10 0.01)
(-0.25 -10 0.01)
(0.5 -10 0.01)
(1.25 -10 0.01)
(2 -10 0.01)
(2.75 -10 0.01)
(3.5 -10 0.01)
(4.25 -10 0.01)
(5 -10 0.01)
(5.75 -10 0.01)
(6.5 -10 0.01)
(7.25 -10 0.01)
(8 -10 0.01)
(8.75 -10 0.01)
(9.5 -10 0.01)
(10.25 -10 0.01)
(11 -10 0.01)
(11.75 -10 0.01)
(12.5 -10 0.01)
(13.25 -10 0.01)
(14 -10 0.01)
(14.75 -10 0.01)
(15.5 -10 0.01)
(16.25 -10 0.01)
(17 -10 0.01)
(17.75 -10 0.01)
(18.5 -10 0.01)
(19.25 -10 0.01)
(20 -10 0.01)
(-10 -9.5 0.01)
(-9.25 -9.5 0.01)
(-8.5 -9.5 0.01)
(-7.75 -9.5 0.01)
(-7 -9.5 0.01)
(-6.25 -9.5 0.01)
(-5.5 -9.5 0.01)
(-4.75 -9.5 0.01)
(-4 -9.5 0.01)
(-3.25 -9.5 0.01)
(-2.5 -9.5 0.01)
(-1.75 -9.5 0.01)
(-1 -9.5 0.01)
(-0.25 -9.5 0.01)
(0.5 -9.5 0.01)
(1.25 -9.5 0.01)
(2 -9.5 0.01)
(2.75 -9.5 0.01)
(3.5 -9.5 0.01)
(4.25 -9.5 0.01)
(5 -9.5 0.01)
(5.75 -9.5 0.01)
(6.5 -9.5 0.01)
(7.25 -9.5 0.01)
(8 -9.5 0.01)
(8.75 -9.5 0.01)
(9.5 -9.5 0.01)
(10.25 -9.5 0.01)
(11 -9.5 0.01)
(11.75 -9.5 0.01)
(12.5 -9.5 0.01)
(13.25 -9.5 0.01)
(14 -9.5 0.01)
(14.75 -9.5 0.01)
(15.5 -9.5 0.01)
(16.25 -9.5 0.01)
(17 -9.5 0.01)
(17.75 -9.5 0.01)
(18.5 -9.5 0.01)
(19.25 -9.5 0.01)
(20 -9.5 0.01)
(-10 -9 0.01)
(-9.25 -9 0.01)
(-8.5 -9 0.01)
(-7.75 -9 0.01)
(-7 -9 0.01)
(-6.25 -9 0.01)
(-5.5 -9 0.01)
(-4.75 -9 0.01)
(-4 -9 0.01)
(-3.25 -9 0.01)
(-2.5 -9 0.01)
(-1.75 -9 0.01)
(-1 -9 0.01)
(-0.25 -9 0.01)
(0.5 -9 0.01)
(1.25 -9 0.01)
(2 -9 0.01)
(2.75 -9 0.01)
(3.5 -9 0.01)
(4.25 -9 0.01)
(5 -9 0.01)
(5.75 -9 0.01)
(6.5 -9 0.01)
(7.25 -9 0.01)
(8 -9 0.01)
(8.75 -9 0.01)
(9.5 -9 0.01)
(10.25 -9 0.01)
(11 -9 0.01)
(11.75 -9 0.01)
(12.5 -9 0.01)
(13.25 -9 0.01)
(14 -9 0.01)
(14.75 -9 0.01)
(15.5 -9 0.01)
(16.25 -9 0.01)
(17 -9 0.01)
(17.75 -9 0.01)
(18.5 -9 0.01)
(19.25 -9 0.01)
(20 -9 0.01)
(-10 -8.5 0.01)
(-9.25 -8.5 0.01)
(-8.5 -8.5 0.01)
(-7.75 -8.5 0.01)
(-7 -8.5 0.01)
(-6.25 -8.5 0.01)
(-5.5 -8.5 0.01)
(-4.75 -8.5 0.01)
(-4 -8.5 0.01)
(-3.25 -8.5 0.01)
(-2.5 -8.5 0.01)
(-1.75 -8.5 0.01)
(-1 -8.5 0.01)
(-0.25 -8.5 0.01)
(0.5 -8.5 0.01)
(1.25 -8.5 0.01)
(2 -8.5 0.01)
(2.75 -8.5 0.01)
(3.5 -8.5 0.01)
(4.25 -8.5 0.01)
(5 -8.5 0.01)
(5.75 -8.5 0.01)
(6.5 -8.5 0.01)
(7.25 -8.5 0.01)
(8 -8.5 0.01)
(8.75 -8.5 0.01)
(9.5 -8.5 0.01)
(10.25 -8.5 0.01)
(11 -8.5 0.01)
(11.75 -8.5 0.01)
(12.5 -8.5 0.01)
(13.25 -8.5 0.01)
(14 -8.5 0.01)
(14.75 -8.5 0.01)
(15.5 -8.5 0.01)
(16.25 -8.5 0.01)
(17 -8.5 0.01)
(17.75 -8.5 0.01)
(18.5 -8.5 0.01)
(19.25 -8.5 0.01)
(20 -8.5 0.01)
(-10 -8 0.01)
(-9.25 -8 0.01)
(-8.5 -8 0.01)
(-7.75 -8 0.01)
(-7 -8 0.01)
(-6.25 -8 0.01)
(-5.5 -8 0.01)
(-4.75 -8 0.01)
(-4 -8 0.01)
(-3.25 -8 0.01)
(-2.5 -8 0.01)
(-1.75 -8 0.01)
(-1 -8 0.01)
(-0.25 -8 0.01)
(0.5 -8 0.01)
(1.25 -8 0.01)
(2 -8 0.01)
(2.75 -8 0.01)
(3.5 -8 0.01)
(4.25 -8 0.01)
(5 -8 0.01)
(5.75 -8 0.01)
(6.5 -8 0.01)
(7.25 -8 0.01)
(8 -8 0.01)
(8.75 -8 0.01)
(9.5 -8 0.01)
(10.25 -8 0.01)
(11 -8 0.01)
(11.75 -8 0.01)
(12.5 -8 0.01)
(13.25 -8 0.01)
(14 -8 0.01)
(14.75 -8 0.01)
(15.5 -8 0.01)
(16.25 -8 0.01)
(17 -8 0.01)
(17.75 -8 0.01)
(18.5 -8 0.01)
(19.25 -8 0.01)
(20 -8 0.01)
(-10 -7.5 0.01)
(-9.25 -7.5 0.01)
(-8.5 -7.5 0.01)
(-7.75 -7.5 0.01)
(-7 -7.5 0.01)
(-6.25 -7.5 0.01)
(-5.5 -7.5 0.01)
(-4.75 -7.5 0.01)
(-4 -7.5 0.01)
(-3.25 -7.5 0.01)
(-2.5 -7.5 0.01)
(-1.75 -7.5 0.01)
(-1 -7.5 0.01)
(-0.25 -7.5 0.01)
(0.5 -7.5 0.01)
(1.25 -7.5 0.01)
(2 -7.5 0.01)
(2.75 -7.5 0.01)
(3.5 -7.5 0.01)
(4.25 -7.5 0.01)
(5 -7.5 0.01)
(5.75 -7.5 0.01)
(6.5 -7.5 0.01)
(7.25 -7.5 0.01)
(8 -7.5 0.01)
(8.75 -7.5 0.01)
(9.5 -7.5 0.01)
(10.25 -7.5 0.01)
(11 -7.5 0.01)
(11.75 -7.5 0.01)
(12.5 -7.5 0.01)
(13.25 -7.5 0.01)
(14 -7.5 0.01)
(14.75 -7.5 0.01)
(15.5 -7.5 0.01)
(16.25 -7.5 0.01)
(17 -7.5 0.01)
(17.75 -7.5 0.01)
(18.5 -7.5 0.01)
(19.25 -7.5 0.01)
(20 -7.5 0.01)
(-10 -7 0.01)
(-9.25 -7 0.01)
(-8.5 -7 0.01)
(-7.75 -7 0.01)
(-7 -7 0.01)
(-6.25 -7 0.01)
(-5.5 -7 0.01)
(-4.75 -7 0.01)
(-4 -7 0.01)
(-3.25 -7 0.01)
(-2.5 -7 0.01)
(-1.75 -7 0.01)
(-1 -7 0.01)
(-0.25 -7 0.01)
(0.5 -7 0.01)
(1.25 -7 0.01)
(2 -7 0.01)
(2.75 -7 0.01)
(3.5 -7 0.01)
(4.25 -7 0.01)
(5 -7 0.01)
(5.75 -7 0.01)
(6.5 -7 0.01)
(7.25 -7 0.01)
(8 -7 0.01)
(8.75 -7 0.01)
(9.5 -7 0.01)
(10.25 -7 0.01)
(11 -7 0.01)
(11.75 -7 0.01)
(12.5 -7 0.01)
(13.25 -7 0.01)
(14 -7 0.01)
(14.75 -7 0.01)
(15.5 -7 0.01)
(16.25 -7 0.01)
(17 -7 0.01)
(17.75 -7 0.01)
(18.5 -7 0.01)
(19.25 -7 0.01)
(20 -7 0.01)
(-10 -6.5 0.01)
(-9.25 -6.5 0.01)
(-8.5 -6.5 0.01)
(-7.75 -6.5 0.01)
(-7 -6.5 0.01)
(-6.25 -6.5 0.01)
(-5.5 -6.5 0.01)
(-4.75 -6.5 0.01)
(-4 -6.5 0.01)
(-3.25 -6.5 0.01)
(-2.5 -6.5 0.01)
(-1.75 -6.5 0.01)
(-1 -6.5 0.01)
(-0.25 -6.5 0.01)
(0.5 -6.5 0.01)
(1.25 -6.5 0.01)
(2 -6.5 0.01)
(2.75 -6.5 0.01)
(3.5 -6.5 0.01)
(4.25 -6.5 0.01)
(5 -6.5 0.01)
(5.75 -6.5 0.01)
(6.5 -6.5 0.01)
(7.25 -6.5 0.01)
(8 -6.5 0.01)
(8.75 -6.5 0.01)
(9.5 -6.5 0.01)
(10.25 -6.5 0.01)
(11 -6.5 0.01)
(11.75 -6.5 0.01)
(12.5 -6.5 0.01)
(13.25 -6.5 0.01)
(14 -6.5 0.01)
(14.75 -6.5 0.01)
(15.5 -6.5 0.01)
(16.25 -6.5 0.01)
(17 -6.5 0.01)
(17.75 -6.5 0.01)
(18.5 -6.5 0.01)
(19.25 -6.5 0.01)
(20 -6.5 0.01)
(-10 -6 0.01)
(-9.25 -6 0.01)
(-8.5 -6 0.01)
(-7.75 -6 0.01)
(-7 -6 0.01)
(-6.25 -6 0.01)
(-5.5 -6 0.01)
(-4.75 -6 0.01)
(-4 -6 0.01)
(-3.25 -6 0.01)
(-2.5 -6 0.01)
(-1.75 -6 0.01)
(-1 -6 0.01)
(-0.25 -6 0.01)
(0.5 -6 0.01)
(1.25 -6 0.01)
(2 -6 0.01)
(2.75 -6 0.01)
(3.5 -6 0.01)
(4.25 -6 0.01)
(5 -6 0.01)
(5.75 -6 0.01)
(6.5 -6 0.01)
(7.25 -6 0.01)
(8 -6 0.01)
(8.75 -6 0.01)
(9.5 -6 0.01)
(10.25 -6 0.01)
(11 -6 0.01)
(11.75 -6 0.01)
(12.5 -6 0.01)
(13.25 -6 0.01)
(14 -6 0.01)
(14.75 -6 0.01)
(15.5 -6 0.01)
(16.25 -6 0.01)
(17 -6 0.01)
(17.75 -6 0.01)
(18.5 -6 0.01)
(19.25 -6 0.01)
(20 -6 0.01)
(-10 -5.5 0.01)
(-9.25 -5.5 0.01)
(-8.5 -5.5 0.01)
(-7.75 -5.5 0.01)
(-7 -5.5 0.01)
(-6.25 -5.5 0.01)
(-5.5 -5.5 0.01)
(-4.75 -5.5 0.01)
(-4 -5.5 0.01)
(-3.25 -5.5 0.01)
(-2.5 -5.5 0.01)
(-1.75 -5.5 0.01)
(-1 -5.5 0.01)
(-0.25 -5.5 0.01)
(0.5 -5.5 0.01)
(1.25 -5.5 0.01)
(2 -5.5 0.01)
(2.75 -5.5 0.01)
(3.5 -5.5 0.01)
(4.25 -5.5 0.01)
(5 -5.5 0.01)
(5.75 -5.5 0.01)
(6.5 -5.5 0.01)
(7.25 -5.5 0.01)
(8 -5.5 0.01)
(8.75 -5.5 0.01)
(9.5 -5.5 0.01)
(10.25 -5.5 0.01)
(11 -5.5 0.01)
(11.75 -5.5 0.01)
(12.5 -5.5 0.01)
(13.25 -5.5 0.01)
(14 -5.5 0.01)
(14.75 -5.5 0.01)
(15.5 -5.5 0.01)
(16.25 -5.5 0.01)
(17 -5.5 0.01)
(17.75 -5.5 0.01)
(18.5 -5.5 0.01)
(19.25 -5.5 0.01)
(20 -5.5 0.01)
(-10 -5 0.01)
(-9.25 -5 0.01)
(-8.5 -5 0.01)
(-7.75 -5 0.01)
(-7 -5 0.01)
(-6.25 -5 0.01)
(-5.5 -5 0.01)
(-4.75 -5 0.01)
(-4 -5 0.01)
(-3.25 -5 0.01)
(-2.5 -5 0.01)
(-1.75 -5 0.01)
(-1 -5 0.01)
(-0.25 -5 0.01)
(0.5 -5 0.01)
(1.25 -5 0.01)
(2 -5 0.01)
(2.75 -5 0.01)
(3.5 -5 0.01)
(4.25 -5 0.01)
(5 -5 0.01)
(5.75 -5 0.01)
(6.5 -5 0.01)
(7.25 -5 0.01)
(8 -5 0.01)
(8.75 -5 0.01)
(9.5 -5 0.01)
(10.25 -5 0.01)
(11 -5 0.01)
(11.75 -5 0.01)
(12.5 -5 0.01)
(13.25 -5 0.01)
(14 -5 0.01)
(14.75 -5 0.01)
(15.5 -5 0.01)
(16.25 -5 0.01)
(17 -5 0.01)
(17.75 -5 0.01)
(18.5 -5 0.01)
(19.25 -5 0.01)
(20 -5 0.01)
(-10 -4.5 0.01)
(-9.25 -4.5 0.01)
(-8.5 -4.5 0.01)
(-7.75 -4.5 0.01)
(-7 -4.5 0.01)
(-6.25 -4.5 0.01)
(-5.5 -4.5 0.01)
(-4.75 -4.5 0.01)
(-4 -4.5 0.01)
(-3.25 -4.5 0.01)
(-2.5 -4.5 0.01)
(-1.75 -4.5 0.01)
(-1 -4.5 0.01)
(-0.25 -4.5 0.01)
(0.5 -4.5 0.01)
(1.25 -4.5 0.01)
(2 -4.5 0.01)
(2.75 -4.5 0.01)
(3.5 -4.5 0.01)
(4.25 -4.5 0.01)
(5 -4.5 0.01)
(5.75 -4.5 0.01)
(6.5 -4.5 0.01)
(7.25 -4.5 0.01)
(8 -4.5 0.01)
(8.75 -4.5 0.01)
(9.5 -4.5 0.01)
(10.25 -4.5 0.01)
(11 -4.5 0.01)
(11.75 -4.5 0.01)
(12.5 -4.5 0.01)
(13.25 -4.5 0.01)
(14 -4.5 0.01)
(14.75 -4.5 0.01)
(15.5 -4.5 0.01)
(16.25 -4.5 0.01)
(17 -4.5 0.01)
(17.75 -4.5 0.01)
(18.5 -4.5 0.01)
(19.25 -4.5 0.01)
(20 -4.5 0.01)
(-10 -4 0.01)
(-9.25 -4 0.01)
(-8.5 -4 0.01)
(-7.75 -4 0.01)
(-7 -4 0.01)
(-6.25 -4 0.01)
(-5.5 -4 0.01)
(-4.75 -4 0.01)
(-4 -4 0.01)
(-3.25 -4 0.01)
(-2.5 -4 0.01)
(-1.75 -4 0.01)
(-1 -4 0.01)
(-0.25 -4 0.01)
(0.5 -4 0.01)
(1.25 -4 0.01)
(2 -4 0.01)
(2.75 -4 0.01)
(3.5 -4 0.01)
(4.25 -4 0.01)
(5 -4 0.01)
(5.75 -4 0.01)
(6.5 -4 0.01)
(7.25 -4 0.01)
(8 -4 0.01)
(8.75 -4 0.01)
(9.5 -4 0.01)
(10.25 -4 0.01)
(11 -4 0.01)
(11.75 -4 0.01)
(12.5 -4 0.01)
(13.25 -4 0.01)
(14 -4 0.01)
(14.75 -4 0.01)
(15.5 -4 0.01)
(16.25 -4 0.01)
(17 -4 0.01)
(17.75 -4 0.01)
(18.5 -4 0.01)
(19.25 -4 0.01)
(20 -4 0.01)
(-10 -3.5 0.01)
(-9.25 -3.5 0.01)
(-8.5 -3.5 0.01)
(-7.75 -3.5 0.01)
(-7 -3.5 0.01)
(-6.25 -3.5 0.01)
(-5.5 -3.5 0.01)
(-4.75 -3.5 0.01)
(-4 -3.5 0.01)
(-3.25 -3.5 0.01)
(-2.5 -3.5 0.01)
(-1.75 -3.5 0.01)
(-1 -3.5 0.01)
(-0.25 -3.5 0.01)
(0.5 -3.5 0.01)
(1.25 -3.5 0.01)
(2 -3.5 0.01)
(2.75 -3.5 0.01)
(3.5 -3.5 0.01)
(4.25 -3.5 0.01)
(5 -3.5 0.01)
(5.75 -3.5 0.01)
(6.5 -3.5 0.01)
(7.25 -3.5 0.01)
(8 -3.5 0.01)
(8.75 -3.5 0.01)
(9.5 -3.5 0.01)
(10.25 -3.5 0.01)
(11 -3.5 0.01)
(11.75 -3.5 0.01)
(12.5 -3.5 0.01)
(13.25 -3.5 0.01)
(14 -3.5 0.01)
(14.75 -3.5 0.01)
(15.5 -3.5 0.01)
(16.25 -3.5 0.01)
(17 -3.5 0.01)
(17.75 -3.5 0.01)
(18.5 -3.5 0.01)
(19.25 -3.5 0.01)
(20 -3.5 0.01)
(-10 -3 0.01)
(-9.25 -3 0.01)
(-8.5 -3 0.01)
(-7.75 -3 0.01)
(-7 -3 0.01)
(-6.25 -3 0.01)
(-5.5 -3 0.01)
(-4.75 -3 0.01)
(-4 -3 0.01)
(-3.25 -3 0.01)
(-2.5 -3 0.01)
(-1.75 -3 0.01)
(-1 -3 0.01)
(-0.25 -3 0.01)
(0.5 -3 0.01)
(1.25 -3 0.01)
(2 -3 0.01)
(2.75 -3 0.01)
(3.5 -3 0.01)
(4.25 -3 0.01)
(5 -3 0.01)
(5.75 -3 0.01)
(6.5 -3 0.01)
(7.25 -3 0.01)
(8 -3 0.01)
(8.75 -3 0.01)
(9.5 -3 0.01)
(10.25 -3 0.01)
(11 -3 0.01)
(11.75 -3 0.01)
(12.5 -3 0.01)
(13.25 -3 0.01)
(14 -3 0.01)
(14.75 -3 0.01)
(15.5 -3 0.01)
(16.25 -3 0.01)
(17 -3 0.01)
(17.75 -3 0.01)
(18.5 -3 0.01)
(19.25 -3 0.01)
(20 -3 0.01)
(-10 -2.5 0.01)
(-9.25 -2.5 0.01)
(-8.5 -2.5 0.01)
(-7.75 -2.5 0.01)
(-7 -2.5 0.01)
(-6.25 -2.5 0.01)
(-5.5 -2.5 0.01)
(-4.75 -2.5 0.01)
(-4 -2.5 0.01)
(-3.25 -2.5 0.01)
(-2.5 -2.5 0.01)
(-1.75 -2.5 0.01)
(-1 -2.5 0.01)
(-0.25 -2.5 0.01)
(0.5 -2.5 0.01)
(1.25 -2.5 0.01)
(2 -2.5 0.01)
(2.75 -2.5 0.01)
(3.5 -2.5 0.01)
(4.25 -2.5 0.01)
(5 -2.5 0.01)
(5.75 -2.5 0.01)
(6.5 -2.5 0.01)
(7.25 -2.5 0.01)
(8 -2.5 0.01)
(8.75 -2.5 0.01)
(9.5 -2.5 0.01)
(10.25 -2.5 0.01)
(11 -2.5 0.01)
(11.75 -2.5 0.01)
(12.5 -2.5 0.01)
(13.25 -2.5 0.01)
(14 -2.5 0.01)
(14.75 -2.5 0.01)
(15.5 -2.5 0.01)
(16.25 -2.5 0.01)
(17 -2.5 0.01)
(17.75 -2.5 0.01)
(18.5 -2.5 0.01)
(19.25 -2.5 0.01)
(20 -2.5 0.01)
(-10 -2 0.01)
(-9.25 -2 0.01)
(-8.5 -2 0.01)
(-7.75 -2 0.01)
(-7 -2 0.01)
(-6.25 -2 0.01)
(-5.5 -2 0.01)
(-4.75 -2 0.01)
(-4 -2 0.01)
(-3.25 -2 0.01)
(-2.5 -2 0.01)
(-1.75 -2 0.01)
(-1 -2 0.01)
(-0.25 -2 0.01)
(0.5 -2 0.01)
(1.25 -2 0.01)
(2 -2 0.01)
(2.75 -2 0.01)
(3.5 -2 0.01)
(4.25 -2 0.01)
(5 -2 0.01)
(5.75 -2 0.01)
(6.5 -2 0.01)
(7.25 -2 0.01)
(8 -2 0.01)
(8.75 -2 0.01)
(9.5 -2 0.01)
(10.25 -2 0.01)
(11 -2 0.01)
(11.75 -2 0.01)
(12.5 -2 0.01)
(13.25 -2 0.01)
(14 -2 0.01)
(14.75 -2 0.01)
(15.5 -2 0.01)
(16.25 -2 0.01)
(17 -2 0.01)
(17.75 -2 0.01)
(18.5 -2 0.01)
(19.25 -2 0.01)
(20 -2 0.01)
(-10 -1.5 0.01)
(-9.25 -1.5 0.01)
(-8.5 -1.5 0.01)
(-7.75 -1.5 0.01)
(-7 -1.5 0.01)
(-6.25 -1.5 0.01)
(-5.5 -1.5 0.01)
(-4.75 -1.5 0.01)
(-4 -1.5 0.01)
(-3.25 -1.5 0.01)
(-2.5 -1.5 0.01)
(-1.75 -1.5 0.01)
(-1 -1.5 0.01)
(-0.25 -1.5 0.01)
(0.5 -1.5 0.01)
(1.25 -1.5 0.01)
(2 -1.5 0.01)
(2.75 -1.5 0.01)
(3.5 -1.5 0.01)
(4.25 -1.5 0.01)
(5 -1.5 0.01)
(5.75 -1.5 0.01)
(6.5 -1.5 0.01)
(7.25 -1.5 0.01)
(8 -1.5 0.01)
(8.75 -1.5 0.01)
(9.5 -1.5 0.01)
(10.25 -1.5 0.01)
(11 -1.5 0.01)
(11.75 -1.5 0.01)
(12.5 -1.5 0.01)
(13.25 -1.5 0.01)
(14 -1.5 0.01)
(14.75 -1.5 0.01)
(15.5 -1.5 0.01)
(16.25 -1.5 0.01)
(17 -1.5 0.01)
(17.75 -1.5 0.01)
(18.5 -1.5 0.01)
(19.25 -1.5 0.01)
(20 -1.5 0.01)
(-10 -1 0.01)
(-9.25 -1 0.01)
(-8.5 -1 0.01)
(-7.75 -1 0.01)
(-7 -1 0.01)
(-6.25 -1 0.01)
(-5.5 -1 0.01)
(-4.75 -1 0.01)
(-4 -1 0.01)
(-3.25 -1 0.01)
(-2.5 -1 0.01)
(-1.75 -1 0.01)
(-1 -1 0.01)
(-0.25 -1 0.01)
(0.5 -1 0.01)
(1.25 -1 0.01)
(2 -1 0.01)
(2.75 -1 0.01)
(3.5 -1 0.01)
(4.25 -1 0.01)
(5 -1 0.01)
(5.75 -1 0.01)
(6.5 -1 0.01)
(7.25 -1 0.01)
(8 -1 0.01)
(8.75 -1 0.01)
(9.5 -1 0.01)
(10.25 -1 0.01)
(11 -1 0.01)
(11.75 -1 0.01)
(12.5 -1 0.01)
(13.25 -1 0.01)
(14 -1 0.01)
(14.75 -1 0.01)
(15.5 -1 0.01)
(16.25 -1 0.01)
(17 -1 0.01)
(17.75 -1 0.01)
(18.5 -1 0.01)
(19.25 -1 0.01)
(20 -1 0.01)
(-10 -0.5 0.01)
(-9.25 -0.5 0.01)
(-8.5 -0.5 0.01)
(-7.75 -0.5 0.01)
(-7 -0.5 0.01)
(-6.25 -0.5 0.01)
(-5.5 -0.5 0.01)
(-4.75 -0.5 0.01)
(-4 -0.5 0.01)
(-3.25 -0.5 0.01)
(-2.5 -0.5 0.01)
(-1.75 -0.5 0.01)
(-1 -0.5 0.01)
(-0.25 -0.5 0.01)
(0.5 -0.5 0.01)
(1.25 -0.5 0.01)
(2 -0.5 0.01)
(2.75 -0.5 0.01)
(3.5 -0.5 0.01)
(4.25 -0.5 0.01)
(5 -0.5 0.01)
(5.75 -0.5 0.01)
(6.5 -0.5 0.01)
(7.25 -0.5 0.01)
(8 -0.5 0.01)
(8.75 -0.5 0.01)
(9.5 -0.5 0.01)
(10.25 -0.5 0.01)
(11 -0.5 0.01)
(11.75 -0.5 0.01)
(12.5 -0.5 0.01)
(13.25 -0.5 0.01)
(14 -0.5 0.01)
(14.75 -0.5 0.01)
(15.5 -0.5 0.01)
(16.25 -0.5 0.01)
(17 -0.5 0.01)
(17.75 -0.5 0.01)
(18.5 -0.5 0.01)
(19.25 -0.5 0.01)
(20 -0.5 0.01)
(-10 0 0.01)
(-9.25 0 0.01)
(-8.5 0 0.01)
(-7.75 0 0.01)
(-7 0 0.01)
(-6.25 0 0.01)
(-5.5 0 0.01)
(-4.75 0 0.01)
(-4 0 0.01)
(-3.25 0 0.01)
(-2.5 0 0.01)
(-1.75 0 0.01)
(-1 0 0.01)
(-0.25 0 0.01)
(0.5 0 0.01)
(1.25 0 0.01)
(2 0 0.01)
(2.75 0 0.01)
(3.5 0 0.01)
(4.25 0 0.01)
(5 0 0.01)
(5.75 0 0.01)
(6.5 0 0.01)
(7.25 0 0.01)
(8 0 0.01)
(8.75 0 0.01)
(9.5 0 0.01)
(10.25 -7.401486831e-17 0.01)
(11 7.401486831e-17 0.01)
(11.75 0 0.01)
(12.5 0 0.01)
(13.25 0 0.01)
(14 -7.401486831e-17 0.01)
(14.75 7.401486831e-17 0.01)
(15.5 3.700743415e-17 0.01)
(16.25 0 0.01)
(17 -3.700743415e-17 0.01)
(17.75 -7.401486831e-17 0.01)
(18.5 7.401486831e-17 0.01)
(19.25 3.700743415e-17 0.01)
(20 0 0.01)
(-10 0.5 0.01)
(-9.25 0.5 0.01)
(-8.5 0.5 0.01)
(-7.75 0.5 0.01)
(-7 0.5 0.01)
(-6.25 0.5 0.01)
(-5.5 0.5 0.01)
(-4.75 0.5 0.01)
(-4 0.5 0.01)
(-3.25 0.5 0.01)
(-2.5 0.5 0.01)
(-1.75 0.5 0.01)
(-1 0.5 0.01)
(-0.25 0.5 0.01)
(0.5 0.5 0.01)
(1.25 0.5 0.01)
(2 0.5 0.01)
(2.75 0.5 0.01)
(3.5 0.5 0.01)
(4.25 0.5 0.01)
(5 0.5 0.01)
(5.75 0.5 0.01)
(6.5 0.5 0.01)
(7.25 0.5 0.01)
(8 0.5 0.01)
(8.75 0.5 0.01)
(9.5 0.5 0.01)
(10.25 0.5 0.01)
(11 0.5 0.01)
(11.75 0.5 0.01)
(12.5 0.5 0.01)
(13.25 0.5 0.01)
(14 0.5 0.01)
(14.75 0.5 0.01)
(15.5 0.5 0.01)
(16.25 0.5 0.01)
(17 0.5 0.01)
(17.75 0.5 0.01)
(18.5 0.5 0.01)
(19.25 0.5 0.01)
(20 0.5 0.01)
(-10 1 0.01)
(-9.25 1 0.01)
(-8.5 1 0.01)
(-7.75 1 0.01)
(-7 1 0.01)
(-6.25 1 0.01)
(-5.5 1 0.01)
(-4.75 1 0.01)
(-4 1 0.01)
(-3.25 1 0.01)
(-2.5 1 0.01)
(-1.75 1 0.01)
(-1 1 0.01)
(-0.25 1 0.01)
(0.5 1 0.01)
(1.25 1 0.01)
(2 1 0.01)
(2.75 1 0.01)
(3.5 1 0.01)
(4.25 1 0.01)
(5 1 0.01)
(5.75 1 0.01)
(6.5 1 0.01)
(7.25 1 0.01)
(8 1 0.01)
(8.75 1 0.01)
(9.5 1 0.01)
(10.25 1 0.01)
(11 1 0.01)
(11.75 1 0.01)
(12.5 1 0.01)
(13.25 1 0.01)
(14 1 0.01)
(14.75 1 0.01)
(15.5 1 0.01)
(16.25 1 0.01)
(17 1 0.01)
(17.75 1 0.01)
(18.5 1 0.01)
(19.25 1 0.01)
(20 1 0.01)
(-10 1.5 0.01)
(-9.25 1.5 0.01)
(-8.5 1.5 0.01)
(-7.75 1.5 0.01)
(-7 1.5 0.01)
(-6.25 1.5 0.01)
(-5.5 1.5 0.01)
(-4.75 1.5 0.01)
(-4 1.5 0.01)
(-3.25 1.5 0.01)
(-2.5 1.5 0.01)
(-1.75 1.5 0.01)
(-1 1.5 0.01)
(-0.25 1.5 0.01)
(0.5 1.5 0.01)
(1.25 1.5 0.01)
(2 1.5 0.01)
(2.75 1.5 0.01)
(3.5 1.5 0.01)
(4.25 1.5 0.01)
(5 1.5 0.01)
(5.75 1.5 0.01)
(6.5 1.5 0.01)
(7.25 1.5 0.01)
(8 1.5 0.01)
(8.75 1.5 0.01)
(9.5 1.5 0.01)
(10.25 1.5 0.01)
(11 1.5 0.01)
(11.75 1.5 0.01)
(12.5 1.5 0.01)
(13.25 1.5 0.01)
(14 1.5 0.01)
(14.75 1.5 0.01)
(15.5 1.5 0.01)
(16.25 1.5 0.01)
(17 1.5 0.01)
(17.75 1.5 0.01)
(18.5 1.5 0.01)
(19.25 1.5 0.01)
(20 1.5 0.01)
(-10 2 0.01)
(-9.25 2 0.01)
(-8.5 2 0.01)
(-7.75 2 0.01)
(-7 2 0.01)
(-6.25 2 0.01)
(-5.5 2 0.01)
(-4.75 2 0.01)
(-4 2 0.01)
(-3.25 2 0.01)
(-2.5 2 0.01)
(-1.75 2 0.01)
(-1 2 0.01)
(-0.25 2 0.01)
(0.5 2 0.01)
(1.25 2 0.01)
(2 2 0.01)
(2.75 2 0.01)
(3.5 2 0.01)
(4.25 2 0.01)
(5 2 0.01)
(5.75 2 0.01)
(6.5 2 0.01)
(7.25 2 0.01)
(8 2 0.01)
(8.75 2 0.01)
(9.5 2 0.01)
(10.25 2 0.01)
(11 2 0.01)
(11.75 2 0.01)
(12.5 2 0.01)
(13.25 2 0.01)
(14 2 0.01)
(14.75 2 0.01)
(15.5 2 0.01)
(16.25 2 0.01)
(17 2 0.01)
(17.75 2 0.01)
(18.5 2 0.01)
(19.25 2 0.01)
(20 2 0.01)
(-10 2.5 0.01)
(-9.25 2.5 0.01)
(-8.5 2.5 0.01)
(-7.75 2.5 0.01)
(-7 2.5 0.01)
(-6.25 2.5 0.01)
(-5.5 2.5 0.01)
(-4.75 2.5 0.01)
(-4 2.5 0.01)
(-3.25 2.5 0.01)
(-2.5 2.5 0.01)
(-1.75 2.5 0.01)
(-1 2.5 0.01)
(-0.25 2.5 0.01)
(0.5 2.5 0.01)
(1.25 2.5 0.01)
(2 2.5 0.01)
(2.75 2.5 0.01)
(3.5 2.5 0.01)
(4.25 2.5 0.01)
(5 2.5 0.01)
(5.75 2.5 0.01)
(6.5 2.5 0.01)
(7.25 2.5 0.01)
(8 2.5 0.01)
(8.75 2.5 0.01)
(9.5 2.5 0.01)
(10.25 2.5 0.01)
(11 2.5 0.01)
(11.75 2.5 0.01)
(12.5 2.5 0.01)
(13.25 2.5 0.01)
(14 2.5 0.01)
(14.75 2.5 0.01)
(15.5 2.5 0.01)
(16.25 2.5 0.01)
(17 2.5 0.01)
(17.75 2.5 0.01)
(18.5 2.5 0.01)
(19.25 2.5 0.01)
(20 2.5 0.01)
(-10 3 0.01)
(-9.25 3 0.01)
(-8.5 3 0.01)
(-7.75 3 0.01)
(-7 3 0.01)
(-6.25 3 0.01)
(-5.5 3 0.01)
(-4.75 3 0.01)
(-4 3 0.01)
(-3.25 3 0.01)
(-2.5 3 0.01)
(-1.75 3 0.01)
(-1 3 0.01)
(-0.25 3 0.01)
(0.5 3 0.01)
(1.25 3 0.01)
(2 3 0.01)
(2.75 3 0.01)
(3.5 3 0.01)
(4.25 3 0.01)
(5 3 0.01)
(5.75 3 0.01)
(6.5 3 0.01)
(7.25 3 0.01)
(8 3 0.01)
(8.75 3 0.01)
(9.5 3 0.01)
(10.25 3 0.01)
(11 3 0.01)
(11.75 3 0.01)
(12.5 3 0.01)
(13.25 3 0.01)
(14 3 0.01)
(14.75 3 0.01)
(15.5 3 0.01)
(16.25 3 0.01)
(17 3 0.01)
(17.75 3 0.01)
(18.5 3 0.01)
(19.25 3 0.01)
(20 3 0.01)
(-10 3.5 0.01)
(-9.25 3.5 0.01)
(-8.5 3.5 0.01)
(-7.75 3.5 0.01)
(-7 3.5 0.01)
(-6.25 3.5 0.01)
(-5.5 3.5 0.01)
(-4.75 3.5 0.01)
(-4 3.5 0.01)
(-3.25 3.5 0.01)
(-2.5 3.5 0.01)
(-1.75 3.5 0.01)
(-1 3.5 0.01)
(-0.25 3.5 0.01)
(0.5 3.5 0.01)
(1.25 3.5 0.01)
(2 3.5 0.01)
(2.75 3.5 0.01)
(3.5 3.5 0.01)
(4.25 3.5 0.01)
(5 3.5 0.01)
(5.75 3.5 0.01)
(6.5 3.5 0.01)
(7.25 3.5 0.01)
(8 3.5 0.01)
(8.75 3.5 0.01)
(9.5 3.5 0.01)
(10.25 3.5 0.01)
(11 3.5 0.01)
(11.75 3.5 0.01)
(12.5 3.5 0.01)
(13.25 3.5 0.01)
(14 3.5 0.01)
(14.75 3.5 0.01)
(15.5 3.5 0.01)
(16.25 3.5 0.01)
(17 3.5 0.01)
(17.75 3.5 0.01)
(18.5 3.5 0.01)
(19.25 3.5 0.01)
(20 3.5 0.01)
(-10 4 0.01)
(-9.25 4 0.01)
(-8.5 4 0.01)
(-7.75 4 0.01)
(-7 4 0.01)
(-6.25 4 0.01)
(-5.5 4 0.01)
(-4.75 4 0.01)
(-4 4 0.01)
(-3.25 4 0.01)
(-2.5 4 0.01)
(-1.75 4 0.01)
(-1 4 0.01)
(-0.25 4 0.01)
(0.5 4 0.01)
(1.25 4 0.01)
(2 4 0.01)
(2.75 4 0.01)
(3.5 4 0.01)
(4.25 4 0.01)
(5 4 0.01)
(5.75 4 0.01)
(6.5 4 0.01)
(7.25 4 0.01)
(8 4 0.01)
(8.75 4 0.01)
(9.5 4 0.01)
(10.25 4 0.01)
(11 4 0.01)
(11.75 4 0.01)
(12.5 4 0.01)
(13.25 4 0.01)
(14 4 0.01)
(14.75 4 0.01)
(15.5 4 0.01)
(16.25 4 0.01)
(17 4 0.01)
(17.75 4 0.01)
(18.5 4 0.01)
(19.25 4 0.01)
(20 4 0.01)
(-10 4.5 0.01)
(-9.25 4.5 0.01)
(-8.5 4.5 0.01)
(-7.75 4.5 0.01)
(-7 4.5 0.01)
(-6.25 4.5 0.01)
(-5.5 4.5 0.01)
(-4.75 4.5 0.01)
(-4 4.5 0.01)
(-3.25 4.5 0.01)
(-2.5 4.5 0.01)
(-1.75 4.5 0.01)
(-1 4.5 0.01)
(-0.25 4.5 0.01)
(0.5 4.5 0.01)
(1.25 4.5 0.01)
(2 4.5 0.01)
(2.75 4.5 0.01)
(3.5 4.5 0.01)
(4.25 4.5 0.01)
(5 4.5 0.01)
(5.75 4.5 0.01)
(6.5 4.5 0.01)
(7.25 4.5 0.01)
(8 4.5 0.01)
(8.75 4.5 0.01)
(9.5 4.5 0.01)
(10.25 4.5 0.01)
(11 4.5 0.01)
(11.75 4.5 0.01)
(12.5 4.5 0.01)
(13.25 4.5 0.01)
(14 4.5 0.01)
(14.75 4.5 0.01)
(15.5 4.5 0.01)
(16.25 4.5 0.01)
(17 4.5 0.01)
(17.75 4.5 0.01)
(18.5 4.5 0.01)
(19.25 4.5 0.01)
(20 4.5 0.01)
(-10 5 0.01)
(-9.25 5 0.01)
(-8.5 5 0.01)
(-7.75 5 0.01)
(-7 5 0.01)
(-6.25 5 0.01)
(-5.5 5 0.01)
(-4.75 5 0.01)
(-4 5 0.01)
(-3.25 5 0.01)
(-2.5 5 0.01)
(-1.75 5 0.01)
(-1 5 0.01)
(-0.25 5 0.01)
(0.5 5 0.01)
(1.25 5 0.01)
(2 5 0.01)
(2.75 5 0.01)
(3.5 5 0.01)
(4.25 5 0.01)
(5 5 0.01)
(5.75 5 0.01)
(6.5 5 0.01)
(7.25 5 0.01)
(8 5 0.01)
(8.75 5 0.01)
(9.5 5 0.01)
(10.25 5 0.01)
(11 5 0.01)
(11.75 5 0.01)
(12.5 5 0.01)
(13.25 5 0.01)
(14 5 0.01)
(14.75 5 0.01)
(15.5 5 0.01)
(16.25 5 0.01)
(17 5 0.01)
(17.75 5 0.01)
(18.5 5 0.01)
(19.25 5 0.01)
(20 5 0.01)
(-10 5.5 0.01)
(-9.25 5.5 0.01)
(-8.5 5.5 0.01)
(-7.75 5.5 0.01)
(-7 5.5 0.01)
(-6.25 5.5 0.01)
(-5.5 5.5 0.01)
(-4.75 5.5 0.01)
(-4 5.5 0.01)
(-3.25 5.5 0.01)
(-2.5 5.5 0.01)
(-1.75 5.5 0.01)
(-1 5.5 0.01)
(-0.25 5.5 0.01)
(0.5 5.5 0.01)
(1.25 5.5 0.01)
(2 5.5 0.01)
(2.75 5.5 0.01)
(3.5 5.5 0.01)
(4.25 5.5 0.01)
(5 5.5 0.01)
(5.75 5.5 0.01)
(6.5 5.5 0.01)
(7.25 5.5 0.01)
(8 5.5 0.01)
(8.75 5.5 0.01)
(9.5 5.5 0.01)
(10.25 5.5 0.01)
(11 5.5 0.01)
(11.75 5.5 0.01)
(12.5 5.5 0.01)
(13.25 5.5 0.01)
(14 5.5 0.01)
(14.75 5.5 0.01)
(15.5 5.5 0.01)
(16.25 5.5 0.01)
(17 5.5 0.01)
(17.75 5.5 0.01)
(18.5 5.5 0.01)
(19.25 5.5 0.01)
(20 5.5 0.01)
(-10 6 0.01)
(-9.25 6 0.01)
(-8.5 6 0.01)
(-7.75 6 0.01)
(-7 6 0.01)
(-6.25 6 0.01)
(-5.5 6 0.01)
(-4.75 6 0.01)
(-4 6 0.01)
(-3.25 6 0.01)
(-2.5 6 0.01)
(-1.75 6 0.01)
(-1 6 0.01)
(-0.25 6 0.01)
(0.5 6 0.01)
(1.25 6 0.01)
(2 6 0.01)
(2.75 6 0.01)
(3.5 6 0.01)
(4.25 6 0.01)
(5 6 0.01)
(5.75 6 0.01)
(6.5 6 0.01)
(7.25 6 0.01)
(8 6 0.01)
(8.75 6 0.01)
(9.5 6 0.01)
(10.25 6 0.01)
(11 6 0.01)
(11.75 6 0.01)
(12.5 6 0.01)
(13.25 6 0.01)
(14 6 0.01)
(14.75 6 0.01)
(15.5 6 0.01)
(16.25 6 0.01)
(17 6 0.01)
(17.75 6 0.01)
(18.5 6 0.01)
(19.25 6 0.01)
(20 6 0.01)
(-10 6.5 0.01)
(-9.25 6.5 0.01)
(-8.5 6.5 0.01)
(-7.75 6.5 0.01)
(-7 6.5 0.01)
(-6.25 6.5 0.01)
(-5.5 6.5 0.01)
(-4.75 6.5 0.01)
(-4 6.5 0.01)
(-3.25 6.5 0.01)
(-2.5 6.5 0.01)
(-1.75 6.5 0.01)
(-1 6.5 0.01)
(-0.25 6.5 0.01)
(0.5 6.5 0.01)
(1.25 6.5 0.01)
(2 6.5 0.01)
(2.75 6.5 0.01)
(3.5 6.5 0.01)
(4.25 6.5 0.01)
(5 6.5 0.01)
(5.75 6.5 0.01)
(6.5 6.5 0.01)
(7.25 6.5 0.01)
(8 6.5 0.01)
(8.75 6.5 0.01)
(9.5 6.5 0.01)
(10.25 6.5 0.01)
(11 6.5 0.01)
(11.75 6.5 0.01)
(12.5 6.5 0.01)
(13.25 6.5 0.01)
(14 6.5 0.01)
(14.75 6.5 0.01)
(15.5 6.5 0.01)
(16.25 6.5 0.01)
(17 6.5 0.01)
(17.75 6.5 0.01)
(18.5 6.5 0.01)
(19.25 6.5 0.01)
(20 6.5 0.01)
(-10 7 0.01)
(-9.25 7 0.01)
(-8.5 7 0.01)
(-7.75 7 0.01)
(-7 7 0.01)
(-6.25 7 0.01)
(-5.5 7 0.01)
(-4.75 7 0.01)
(-4 7 0.01)
(-3.25 7 0.01)
(-2.5 7 0.01)
(-1.75 7 0.01)
(-1 7 0.01)
(-0.25 7 0.01)
(0.5 7 0.01)
(1.25 7 0.01)
(2 7 0.01)
(2.75 7 0.01)
(3.5 7 0.01)
(4.25 7 0.01)
(5 7 0.01)
(5.75 7 0.01)
(6.5 7 0.01)
(7.25 7 0.01)
(8 7 0.01)
(8.75 7 0.01)
(9.5 7 0.01)
(10.25 7 0.01)
(11 7 0.01)
(11.75 7 0.01)
(12.5 7 0.01)
(13.25 7 0.01)
(14 7 0.01)
(14.75 7 0.01)
(15.5 7 0.01)
(16.25 7 0.01)
(17 7 0.01)
(17.75 7 0.01)
(18.5 7 0.01)
(19.25 7 0.01)
(20 7 0.01)
(-10 7.5 0.01)
(-9.25 7.5 0.01)
(-8.5 7.5 0.01)
(-7.75 7.5 0.01)
(-7 7.5 0.01)
(-6.25 7.5 0.01)
(-5.5 7.5 0.01)
(-4.75 7.5 0.01)
(-4 7.5 0.01)
(-3.25 7.5 0.01)
(-2.5 7.5 0.01)
(-1.75 7.5 0.01)
(-1 7.5 0.01)
(-0.25 7.5 0.01)
(0.5 7.5 0.01)
(1.25 7.5 0.01)
(2 7.5 0.01)
(2.75 7.5 0.01)
(3.5 7.5 0.01)
(4.25 7.5 0.01)
(5 7.5 0.01)
(5.75 7.5 0.01)
(6.5 7.5 0.01)
(7.25 7.5 0.01)
(8 7.5 0.01)
(8.75 7.5 0.01)
(9.5 7.5 0.01)
(10.25 7.5 0.01)
(11 7.5 0.01)
(11.75 7.5 0.01)
(12.5 7.5 0.01)
(13.25 7.5 0.01)
(14 7.5 0.01)
(14.75 7.5 0.01)
(15.5 7.5 0.01)
(16.25 7.5 0.01)
(17 7.5 0.01)
(17.75 7.5 0.01)
(18.5 7.5 0.01)
(19.25 7.5 0.01)
(20 7.5 0.01)
(-10 8 0.01)
(-9.25 8 0.01)
(-8.5 8 0.01)
(-7.75 8 0.01)
(-7 8 0.01)
(-6.25 8 0.01)
(-5.5 8 0.01)
(-4.75 8 0.01)
(-4 8 0.01)
(-3.25 8 0.01)
(-2.5 8 0.01)
(-1.75 8 0.01)
(-1 8 0.01)
(-0.25 8 0.01)
(0.5 8 0.01)
(1.25 8 0.01)
(2 8 0.01)
(2.75 8 0.01)
(3.5 8 0.01)
(4.25 8 0.01)
(5 8 0.01)
(5.75 8 0.01)
(6.5 8 0.01)
(7.25 8 0.01)
(8 8 0.01)
(8.75 8 0.01)
(9.5 8 0.01)
(10.25 8 0.01)
(11 8 0.01)
(11.75 8 0.01)
(12.5 8 0.01)
(13.25 8 0.01)
(14 8 0.01)
(14.75 8 0.01)
(15.5 8 0.01)
(16.25 8 0.01)
(17 8 0.01)
(17.75 8 0.01)
(18.5 8 0.01)
(19.25 8 0.01)
(20 8 0.01)
(-10 8.5 0.01)
(-9.25 8.5 0.01)
(-8.5 8.5 0.01)
(-7.75 8.5 0.01)
(-7 8.5 0.01)
(-6.25 8.5 0.01)
(-5.5 8.5 0.01)
(-4.75 8.5 0.01)
(-4 8.5 0.01)
(-3.25 8.5 0.01)
(-2.5 8.5 0.01)
(-1.75 8.5 0.01)
(-1 8.5 0.01)
(-0.25 8.5 0.01)
(0.5 8.5 0.01)
(1.25 8.5 0.01)
(2 8.5 0.01)
(2.75 8.5 0.01)
(3.5 8.5 0.01)
(4.25 8.5 0.01)
(5 8.5 0.01)
(5.75 8.5 0.01)
(6.5 8.5 0.01)
(7.25 8.5 0.01)
(8 8.5 0.01)
(8.75 8.5 0.01)
(9.5 8.5 0.01)
(10.25 8.5 0.01)
(11 8.5 0.01)
(11.75 8.5 0.01)
(12.5 8.5 0.01)
(13.25 8.5 0.01)
(14 8.5 0.01)
(14.75 8.5 0.01)
(15.5 8.5 0.01)
(16.25 8.5 0.01)
(17 8.5 0.01)
(17.75 8.5 0.01)
(18.5 8.5 0.01)
(19.25 8.5 0.01)
(20 8.5 0.01)
(-10 9 0.01)
(-9.25 9 0.01)
(-8.5 9 0.01)
(-7.75 9 0.01)
(-7 9 0.01)
(-6.25 9 0.01)
(-5.5 9 0.01)
(-4.75 9 0.01)
(-4 9 0.01)
(-3.25 9 0.01)
(-2.5 9 0.01)
(-1.75 9 0.01)
(-1 9 0.01)
(-0.25 9 0.01)
(0.5 9 0.01)
(1.25 9 0.01)
(2 9 0.01)
(2.75 9 0.01)
(3.5 9 0.01)
(4.25 9 0.01)
(5 9 0.01)
(5.75 9 0.01)
(6.5 9 0.01)
(7.25 9 0.01)
(8 9 0.01)
(8.75 9 0.01)
(9.5 9 0.01)
(10.25 9 0.01)
(11 9 0.01)
(11.75 9 0.01)
(12.5 9 0.01)
(13.25 9 0.01)
(14 9 0.01)
(14.75 9 0.01)
(15.5 9 0.01)
(16.25 9 0.01)
(17 9 0.01)
(17.75 9 0.01)
(18.5 9 0.01)
(19.25 9 0.01)
(20 9 0.01)
(-10 9.5 0.01)
(-9.25 9.5 0.01)
(-8.5 9.5 0.01)
(-7.75 9.5 0.01)
(-7 9.5 0.01)
(-6.25 9.5 0.01)
(-5.5 9.5 0.01)
(-4.75 9.5 0.01)
(-4 9.5 0.01)
(-3.25 9.5 0.01)
(-2.5 9.5 0.01)
(-1.75 9.5 0.01)
(-1 9.5 0.01)
(-0.25 9.5 0.01)
(0.5 9.5 0.01)
(1.25 9.5 0.01)
(2 9.5 0.01)
(2.75 9.5 0.01)
(3.5 9.5 0.01)
(4.25 9.5 0.01)
(5 9.5 0.01)
(5.75 9.5 0.01)
(6.5 9.5 0.01)
(7.25 9.5 0.01)
(8 9.5 0.01)
(8.75 9.5 0.01)
(9.5 9.5 0.01)
(10.25 9.5 0.01)
(11 9.5 0.01)
(11.75 9.5 0.01)
(12.5 9.5 0.01)
(13.25 9.5 0.01)
(14 9.5 0.01)
(14.75 9.5 0.01)
(15.5 9.5 0.01)
(16.25 9.5 0.01)
(17 9.5 0.01)
(17.75 9.5 0.01)
(18.5 9.5 0.01)
(19.25 9.5 0.01)
(20 9.5 0.01)
(-10 10 0.01)
(-9.25 10 0.01)
(-8.5 10 0.01)
(-7.75 10 0.01)
(-7 10 0.01)
(-6.25 10 0.01)
(-5.5 10 0.01)
(-4.75 10 0.01)
(-4 10 0.01)
(-3.25 10 0.01)
(-2.5 10 0.01)
(-1.75 10 0.01)
(-1 10 0.01)
(-0.25 10 0.01)
(0.5 10 0.01)
(1.25 10 0.01)
(2 10 0.01)
(2.75 10 0.01)
(3.5 10 0.01)
(4.25 10 0.01)
(5 10 0.01)
(5.75 10 0.01)
(6.5 10 0.01)
(7.25 10 0.01)
(8 10 0.01)
(8.75 10 0.01)
(9.5 10 0.01)
(10.25 10 0.01)
(11 10 0.01)
(11.75 10 0.01)
(12.5 10 0.01)
(13.25 10 0.01)
(14 10 0.01)
(14.75 10 0.01)
(15.5 10 0.01)
(16.25 10 0.01)
(17 10 0.01)
(17.75 10 0.01)
(18.5 10 0.01)
(19.25 10 0.01)
(20 10 0.01)
(-10 -10 0.09)
(-9.25 -10 0.09)
(-8.5 -10 0.09)
(-7.75 -10 0.09)
(-7 -10 0.09)
(-6.25 -10 0.09)
(-5.5 -10 0.09)
(-4.75 -10 0.09)
(-4 -10 0.09)
(-3.25 -10 0.09)
(-2.5 -10 0.09)
(-1.75 -10 0.09)
(-1 -10 0.09)
(-0.25 -10 0.09)
(0.5 -10 0.09)
(1.25 -10 0.09)
(2 -10 0.09)
(2.75 -10 0.09)
(3.5 -10 0.09)
(4.25 -10 0.09)
(5 -10 0.09)
(5.75 -10 0.09)
(6.5 -10 0.09)
(7.25 -10 0.09)
(8 -10 0.09)
(8.75 -10 0.09)
(9.5 -10 0.09)
(10.25 -10 0.09)
(11 -10 0.09)
(11.75 -10 0.09)
(12.5 -10 0.09)
(13.25 -10 0.09)
(14 -10 0.09)
(14.75 -10 0.09)
(15.5 -10 0.09)
(16.25 -10 0.09)
(17 -10 0.09)
(17.75 -10 0.09)
(18.5 -10 0.09)
(19.25 -10 0.09)
(20 -10 0.09)
(-10 -9.5 0.09)
(-9.25 -9.5 0.09)
(-8.5 -9.5 0.09)
(-7.75 -9.5 0.09)
(-7 -9.5 0.09)
(-6.25 -9.5 0.09)
(-5.5 -9.5 0.09)
(-4.75 -9.5 0.09)
(-4 -9.5 0.09)
(-3.25 -9.5 0.09)
(-2.5 -9.5 0.09)
(-1.75 -9.5 0.09)
(-1 -9.5 0.09)
(-0.25 -9.5 0.09)
(0.5 -9.5 0.09)
(1.25 -9.5 0.09)
(2 -9.5 0.09)
(2.75 -9.5 0.09)
(3.5 -9.5 0.09)
(4.25 -9.5 0.09)
(5 -9.5 0.09)
(5.75 -9.5 0.09)
(6.5 -9.5 0.09)
(7.25 -9.5 0.09)
(8 -9.5 0.09)
(8.75 -9.5 0.09)
(9.5 -9.5 0.09)
(10.25 -9.5 0.09)
(11 -9.5 0.09)
(11.75 -9.5 0.09)
(12.5 -9.5 0.09)
(13.25 -9.5 0.09)
(14 -9.5 0.09)
(14.75 -9.5 0.09)
(15.5 -9.5 0.09)
(16.25 -9.5 0.09)
(17 -9.5 0.09)
(17.75 -9.5 0.09)
(18.5 -9.5 0.09)
(19.25 -9.5 0.09)
(20 -9.5 0.09)
(-10 -9 0.09)
(-9.25 -9 0.09)
(-8.5 -9 0.09)
(-7.75 -9 0.09)
(-7 -9 0.09)
(-6.25 -9 0.09)
(-5.5 -9 0.09)
(-4.75 -9 0.09)
(-4 -9 0.09)
(-3.25 -9 0.09)
(-2.5 -9 0.09)
(-1.75 -9 0.09)
(-1 -9 0.09)
(-0.25 -9 0.09)
(0.5 -9 0.09)
(1.25 -9 0.09)
(2 -9 0.09)
(2.75 -9 0.09)
(3.5 -9 0.09)
(4.25 -9 0.09)
(5 -9 0.09)
(5.75 -9 0.09)
(6.5 -9 0.09)
(7.25 -9 0.09)
(8 -9 0.09)
(8.75 -9 0.09)
(9.5 -9 0.09)
(10.25 -9 0.09)
(11 -9 0.09)
(11.75 -9 0.09)
(12.5 -9 0.09)
(13.25 -9 0.09)
(14 -9 0.09)
(14.75 -9 0.09)
(15.5 -9 0.09)
(16.25 -9 0.09)
(17 -9 0.09)
(17.75 -9 0.09)
(18.5 -9 0.09)
(19.25 -9 0.09)
(20 -9 0.09)
(-10 -8.5 0.09)
(-9.25 -8.5 0.09)
(-8.5 -8.5 0.09)
(-7.75 -8.5 0.09)
(-7 -8.5 0.09)
(-6.25 -8.5 0.09)
(-5.5 -8.5 0.09)
(-4.75 -8.5 0.09)
(-4 -8.5 0.09)
(-3.25 -8.5 0.09)
(-2.5 -8.5 0.09)
(-1.75 -8.5 0.09)
(-1 -8.5 0.09)
(-0.25 -8.5 0.09)
(0.5 -8.5 0.09)
(1.25 -8.5 0.09)
(2 -8.5 0.09)
(2.75 -8.5 0.09)
(3.5 -8.5 0.09)
(4.25 -8.5 0.09)
(5 -8.5 0.09)
(5.75 -8.5 0.09)
(6.5 -8.5 0.09)
(7.25 -8.5 0.09)
(8 -8.5 0.09)
(8.75 -8.5 0.09)
(9.5 -8.5 0.09)
(10.25 -8.5 0.09)
(11 -8.5 0.09)
(11.75 -8.5 0.09)
(12.5 -8.5 0.09)
(13.25 -8.5 0.09)
(14 -8.5 0.09)
(14.75 -8.5 0.09)
(15.5 -8.5 0.09)
(16.25 -8.5 0.09)
(17 -8.5 0.09)
(17.75 -8.5 0.09)
(18.5 -8.5 0.09)
(19.25 -8.5 0.09)
(20 -8.5 0.09)
(-10 -8 0.09)
(-9.25 -8 0.09)
(-8.5 -8 0.09)
(-7.75 -8 0.09)
(-7 -8 0.09)
(-6.25 -8 0.09)
(-5.5 -8 0.09)
(-4.75 -8 0.09)
(-4 -8 0.09)
(-3.25 -8 0.09)
(-2.5 -8 0.09)
(-1.75 -8 0.09)
(-1 -8 0.09)
(-0.25 -8 0.09)
(0.5 -8 0.09)
(1.25 -8 0.09)
(2 -8 0.09)
(2.75 -8 0.09)
(3.5 -8 0.09)
(4.25 -8 0.09)
(5 -8 0.09)
(5.75 -8 0.09)
(6.5 -8 0.09)
(7.25 -8 0.09)
(8 -8 0.09)
(8.75 -8 0.09)
(9.5 -8 0.09)
(10.25 -8 0.09)
(11 -8 0.09)
(11.75 -8 0.09)
(12.5 -8 0.09)
(13.25 -8 0.09)
(14 -8 0.09)
(14.75 -8 0.09)
(15.5 -8 0.09)
(16.25 -8 0.09)
(17 -8 0.09)
(17.75 -8 0.09)
(18.5 -8 0.09)
(19.25 -8 0.09)
(20 -8 0.09)
(-10 -7.5 0.09)
(-9.25 -7.5 0.09)
(-8.5 -7.5 0.09)
(-7.75 -7.5 0.09)
(-7 -7.5 0.09)
(-6.25 -7.5 0.09)
(-5.5 -7.5 0.09)
(-4.75 -7.5 0.09)
(-4 -7.5 0.09)
(-3.25 -7.5 0.09)
(-2.5 -7.5 0.09)
(-1.75 -7.5 0.09)
(-1 -7.5 0.09)
(-0.25 -7.5 0.09)
(0.5 -7.5 0.09)
(1.25 -7.5 0.09)
(2 -7.5 0.09)
(2.75 -7.5 0.09)
(3.5 -7.5 0.09)
(4.25 -7.5 0.09)
(5 -7.5 0.09)
(5.75 -7.5 0.09)
(6.5 -7.5 0.09)
(7.25 -7.5 0.09)
(8 -7.5 0.09)
(8.75 -7.5 0.09)
(9.5 -7.5 0.09)
(10.25 -7.5 0.09)
(11 -7.5 0.09)
(11.75 -7.5 0.09)
(12.5 -7.5 0.09)
(13.25 -7.5 0.09)
(14 -7.5 0.09)
(14.75 -7.5 0.09)
(15.5 -7.5 0.09)
(16.25 -7.5 0.09)
(17 -7.5 0.09)
(17.75 -7.5 0.09)
(18.5 -7.5 0.09)
(19.25 -7.5 0.09)
(20 -7.5 0.09)
(-10 -7 0.09)
(-9.25 -7 0.09)
(-8.5 -7 0.09)
(-7.75 -7 0.09)
(-7 -7 0.09)
(-6.25 -7 0.09)
(-5.5 -7 0.09)
(-4.75 -7 0.09)
(-4 -7 0.09)
(-3.25 -7 0.09)
(-2.5 -7 0.09)
(-1.75 -7 0.09)
(-1 -7 0.09)
(-0.25 -7 0.09)
(0.5 -7 0.09)
(1.25 -7 0.09)
(2 -7 0.09)
(2.75 -7 0.09)
(3.5 -7 0.09)
(4.25 -7 0.09)
(5 -7 0.09)
(5.75 -7 0.09)
(6.5 -7 0.09)
(7.25 -7 0.09)
(8 -7 0.09)
(8.75 -7 0.09)
(9.5 -7 0.09)
(10.25 -7 0.09)
(11 -7 0.09)
(11.75 -7 0.09)
(12.5 -7 0.09)
(13.25 -7 0.09)
(14 -7 0.09)
(14.75 -7 0.09)
(15.5 -7 0.09)
(16.25 -7 0.09)
(17 -7 0.09)
(17.75 -7 0.09)
(18.5 -7 0.09)
(19.25 -7 0.09)
(20 -7 0.09)
(-10 -6.5 0.09)
(-9.25 -6.5 0.09)
(-8.5 -6.5 0.09)
(-7.75 -6.5 0.09)
(-7 -6.5 0.09)
(-6.25 -6.5 0.09)
(-5.5 -6.5 0.09)
(-4.75 -6.5 0.09)
(-4 -6.5 0.09)
(-3.25 -6.5 0.09)
(-2.5 -6.5 0.09)
(-1.75 -6.5 0.09)
(-1 -6.5 0.09)
(-0.25 -6.5 0.09)
(0.5 -6.5 0.09)
(1.25 -6.5 0.09)
(2 -6.5 0.09)
(2.75 -6.5 0.09)
(3.5 -6.5 0.09)
(4.25 -6.5 0.09)
(5 -6.5 0.09)
(5.75 -6.5 0.09)
(6.5 -6.5 0.09)
(7.25 -6.5 0.09)
(8 -6.5 0.09)
(8.75 -6.5 0.09)
(9.5 -6.5 0.09)
(10.25 -6.5 0.09)
(11 -6.5 0.09)
(11.75 -6.5 0.09)
(12.5 -6.5 0.09)
(13.25 -6.5 0.09)
(14 -6.5 0.09)
(14.75 -6.5 0.09)
(15.5 -6.5 0.09)
(16.25 -6.5 0.09)
(17 -6.5 0.09)
(17.75 -6.5 0.09)
(18.5 -6.5 0.09)
(19.25 -6.5 0.09)
(20 -6.5 0.09)
(-10 -6 0.09)
(-9.25 -6 0.09)
(-8.5 -6 0.09)
(-7.75 -6 0.09)
(-7 -6 0.09)
(-6.25 -6 0.09)
(-5.5 -6 0.09)
(-4.75 -6 0.09)
(-4 -6 0.09)
(-3.25 -6 0.09)
(-2.5 -6 0.09)
(-1.75 -6 0.09)
(-1 -6 0.09)
(-0.25 -6 0.09)
(0.5 -6 0.09)
(1.25 -6 0.09)
(2 -6 0.09)
(2.75 -6 0.09)
(3.5 -6 0.09)
(4.25 -6 0.09)
(5 -6 0.09)
(5.75 -6 0.09)
(6.5 -6 0.09)
(7.25 -6 0.09)
(8 -6 0.09)
(8.75 -6 0.09)
(9.5 -6 0.09)
(10.25 -6 0.09)
(11 -6 0.09)
(11.75 -6 0.09)
(12.5 -6 0.09)
(13.25 -6 0.09)
(14 -6 0.09)
(14.75 -6 0.09)
(15.5 -6 0.09)
(16.25 -6 0.09)
(17 -6 0.09)
(17.75 -6 0.09)
(18.5 -6 0.09)
(19.25 -6 0.09)
(20 -6 0.09)
(-10 -5.5 0.09)
(-9.25 -5.5 0.09)
(-8.5 -5.5 0.09)
(-7.75 -5.5 0.09)
(-7 -5.5 0.09)
(-6.25 -5.5 0.09)
(-5.5 -5.5 0.09)
(-4.75 -5.5 0.09)
(-4 -5.5 0.09)
(-3.25 -5.5 0.09)
(-2.5 -5.5 0.09)
(-1.75 -5.5 0.09)
(-1 -5.5 0.09)
(-0.25 -5.5 0.09)
(0.5 -5.5 0.09)
(1.25 -5.5 0.09)
(2 -5.5 0.09)
(2.75 -5.5 0.09)
(3.5 -5.5 0.09)
(4.25 -5.5 0.09)
(5 -5.5 0.09)
(5.75 -5.5 0.09)
(6.5 -5.5 0.09)
(7.25 -5.5 0.09)
(8 -5.5 0.09)
(8.75 -5.5 0.09)
(9.5 -5.5 0.09)
(10.25 -5.5 0.09)
(11 -5.5 0.09)
(11.75 -5.5 0.09)
(12.5 -5.5 0.09)
(13.25 -5.5 0.09)
(14 -5.5 0.09)
(14.75 -5.5 0.09)
(15.5 -5.5 0.09)
(16.25 -5.5 0.09)
(17 -5.5 0.09)
(17.75 -5.5 0.09)
(18.5 -5.5 0.09)
(19.25 -5.5 0.09)
(20 -5.5 0.09)
(-10 -5 0.09)
(-9.25 -5 0.09)
(-8.5 -5 0.09)
(-7.75 -5 0.09)
(-7 -5 0.09)
(-6.25 -5 0.09)
(-5.5 -5 0.09)
(-4.75 -5 0.09)
(-4 -5 0.09)
(-3.25 -5 0.09)
(-2.5 -5 0.09)
(-1.75 -5 0.09)
(-1 -5 0.09)
(-0.25 -5 0.09)
(0.5 -5 0.09)
(1.25 -5 0.09)
(2 -5 0.09)
(2.75 -5 0.09)
(3.5 -5 0.09)
(4.25 -5 0.09)
(5 -5 0.09)
(5.75 -5 0.09)
(6.5 -5 0.09)
(7.25 -5 0.09)
(8 -5 0.09)
(8.75 -5 0.09)
(9.5 -5 0.09)
(10.25 -5 0.09)
(11 -5 0.09)
(11.75 -5 0.09)
(12.5 -5 0.09)
(13.25 -5 0.09)
(14 -5 0.09)
(14.75 -5 0.09)
(15.5 -5 0.09)
(16.25 -5 0.09)
(17 -5 0.09)
(17.75 -5 0.09)
(18.5 -5 0.09)
(19.25 -5 0.09)
(20 -5 0.09)
(-10 -4.5 0.09)
(-9.25 -4.5 0.09)
(-8.5 -4.5 0.09)
(-7.75 -4.5 0.09)
(-7 -4.5 0.09)
(-6.25 -4.5 0.09)
(-5.5 -4.5 0.09)
(-4.75 -4.5 0.09)
(-4 -4.5 0.09)
(-3.25 -4.5 0.09)
(-2.5 -4.5 0.09)
(-1.75 -4.5 0.09)
(-1 -4.5 0.09)
(-0.25 -4.5 0.09)
(0.5 -4.5 0.09)
(1.25 -4.5 0.09)
(2 -4.5 0.09)
(2.75 -4.5 0.09)
(3.5 -4.5 0.09)
(4.25 -4.5 0.09)
(5 -4.5 0.09)
(5.75 -4.5 0.09)
(6.5 -4.5 0.09)
(7.25 -4.5 0.09)
(8 -4.5 0.09)
(8.75 -4.5 0.09)
(9.5 -4.5 0.09)
(10.25 -4.5 0.09)
(11 -4.5 0.09)
(11.75 -4.5 0.09)
(12.5 -4.5 0.09)
(13.25 -4.5 0.09)
(14 -4.5 0.09)
(14.75 -4.5 0.09)
(15.5 -4.5 0.09)
(16.25 -4.5 0.09)
(17 -4.5 0.09)
(17.75 -4.5 0.09)
(18.5 -4.5 0.09)
(19.25 -4.5 0.09)
(20 -4.5 0.09)
(-10 -4 0.09)
(-9.25 -4 0.09)
(-8.5 -4 0.09)
(-7.75 -4 0.09)
(-7 -4 0.09)
(-6.25 -4 0.09)
(-5.5 -4 0.09)
(-4.75 -4 0.09)
(-4 -4 0.09)
(-3.25 -4 0.09)
(-2.5 -4 0.09)
(-1.75 -4 0.09)
(-1 -4 0.09)
(-0.25 -4 0.09)
(0.5 -4 0.09)
(1.25 -4 0.09)
(2 -4 0.09)
(2.75 -4 0.09)
(3.5 -4 0.09)
(4.25 -4 0.09)
(5 -4 0.09)
(5.75 -4 0.09)
(6.5 -4 0.09)
(7.25 -4 0.09)
(8 -4 0.09)
(8.75 -4 0.09)
(9.5 -4 0.09)
(10.25 -4 0.09)
(11 -4 0.09)
(11.75 -4 0.09)
(12.5 -4 0.09)
(13.25 -4 0.09)
(14 -4 0.09)
(14.75 -4 0.09)
(15.5 -4 0.09)
(16.25 -4 0.09)
(17 -4 0.09)
(17.75 -4 0.09)
(18.5 -4 0.09)
(19.25 -4 0.09)
(20 -4 0.09)
(-10 -3.5 0.09)
(-9.25 -3.5 0.09)
(-8.5 -3.5 0.09)
(-7.75 -3.5 0.09)
(-7 -3.5 0.09)
(-6.25 -3.5 0.09)
(-5.5 -3.5 0.09)
(-4.75 -3.5 0.09)
(-4 -3.5 0.09)
(-3.25 -3.5 0.09)
(-2.5 -3.5 0.09)
(-1.75 -3.5 0.09)
(-1 -3.5 0.09)
(-0.25 -3.5 0.09)
(0.5 -3.5 0.09)
(1.25 -3.5 0.09)
(2 -3.5 0.09)
(2.75 -3.5 0.09)
(3.5 -3.5 0.09)
(4.25 -3.5 0.09)
(5 -3.5 0.09)
(5.75 -3.5 0.09)
(6.5 -3.5 0.09)
(7.25 -3.5 0.09)
(8 -3.5 0.09)
(8.75 -3.5 0.09)
(9.5 -3.5 0.09)
(10.25 -3.5 0.09)
(11 -3.5 0.09)
(11.75 -3.5 0.09)
(12.5 -3.5 0.09)
(13.25 -3.5 0.09)
(14 -3.5 0.09)
(14.75 -3.5 0.09)
(15.5 -3.5 0.09)
(16.25 -3.5 0.09)
(17 -3.5 0.09)
(17.75 -3.5 0.09)
(18.5 -3.5 0.09)
(19.25 -3.5 0.09)
(20 -3.5 0.09)
(-10 -3 0.09)
(-9.25 -3 0.09)
(-8.5 -3 0.09)
(-7.75 -3 0.09)
(-7 -3 0.09)
(-6.25 -3 0.09)
(-5.5 -3 0.09)
(-4.75 -3 0.09)
(-4 -3 0.09)
(-3.25 -3 0.09)
(-2.5 -3 0.09)
(-1.75 -3 0.09)
(-1 -3 0.09)
(-0.25 -3 0.09)
(0.5 -3 0.09)
(1.25 -3 0.09)
(2 -3 0.09)
(2.75 -3 0.09)
(3.5 -3 0.09)
(4.25 -3 0.09)
(5 -3 0.09)
(5.75 -3 0.09)
(6.5 -3 0.09)
(7.25 -3 0.09)
(8 -3 0.09)
(8.75 -3 0.09)
(9.5 -3 0.09)
(10.25 -3 0.09)
(11 -3 0.09)
(11.75 -3 0.09)
(12.5 -3 0.09)
(13.25 -3 0.09)
(14 -3 0.09)
(14.75 -3 0.09)
(15.5 -3 0.09)
(16.25 -3 0.09)
(17 -3 0.09)
(17.75 -3 0.09)
(18.5 -3 0.09)
(19.25 -3 0.09)
(20 -3 0.09)
(-10 -2.5 0.09)
(-9.25 -2.5 0.09)
(-8.5 -2.5 0.09)
(-7.75 -2.5 0.09)
(-7 -2.5 0.09)
(-6.25 -2.5 0.09)
(-5.5 -2.5 0.09)
(-4.75 -2.5 0.09)
(-4 -2.5 0.09)
(-3.25 -2.5 0.09)
(-2.5 -2.5 0.09)
(-1.75 -2.5 0.09)
(-1 -2.5 0.09)
(-0.25 -2.5 0.09)
(0.5 -2.5 0.09)
(1.25 -2.5 0.09)
(2 -2.5 0.09)
(2.75 -2.5 0.09)
(3.5 -2.5 0.09)
(4.25 -2.5 0.09)
(5 -2.5 0.09)
(5.75 -2.5 0.09)
(6.5 -2.5 0.09)
(7.25 -2.5 0.09)
(8 -2.5 0.09)
(8.75 -2.5 0.09)
(9.5 -2.5 0.09)
(10.25 -2.5 0.09)
(11 -2.5 0.09)
(11.75 -2.5 0.09)
(12.5 -2.5 0.09)
(13.25 -2.5 0.09)
(14 -2.5 0.09)
(14.75 -2.5 0.09)
(15.5 -2.5 0.09)
(16.25 -2.5 0.09)
(17 -2.5 0.09)
(17.75 -2.5 0.09)
(18.5 -2.5 0.09)
(19.25 -2.5 0.09)
(20 -2.5 0.09)
(-10 -2 0.09)
(-9.25 -2 0.09)
(-8.5 -2 0.09)
(-7.75 -2 0.09)
(-7 -2 0.09)
(-6.25 -2 0.09)
(-5.5 -2 0.09)
(-4.75 -2 0.09)
(-4 -2 0.09)
(-3.25 -2 0.09)
(-2.5 -2 0.09)
(-1.75 -2 0.09)
(-1 -2 0.09)
(-0.25 -2 0.09)
(0.5 -2 0.09)
(1.25 -2 0.09)
(2 -2 0.09)
(2.75 -2 0.09)
(3.5 -2 0.09)
(4.25 -2 0.09)
(5 -2 0.09)
(5.75 -2 0.09)
(6.5 -2 0.09)
(7.25 -2 0.09)
(8 -2 0.09)
(8.75 -2 0.09)
(9.5 -2 0.09)
(10.25 -2 0.09)
(11 -2 0.09)
(11.75 -2 0.09)
(12.5 -2 0.09)
(13.25 -2 0.09)
(14 -2 0.09)
(14.75 -2 0.09)
(15.5 -2 0.09)
(16.25 -2 0.09)
(17 -2 0.09)
(17.75 -2 0.09)
(18.5 -2 0.09)
(19.25 -2 0.09)
(20 -2 0.09)
(-10 -1.5 0.09)
(-9.25 -1.5 0.09)
(-8.5 -1.5 0.09)
(-7.75 -1.5 0.09)
(-7 -1.5 0.09)
(-6.25 -1.5 0.09)
(-5.5 -1.5 0.09)
(-4.75 -1.5 0.09)
(-4 -1.5 0.09)
(-3.25 -1.5 0.09)
(-2.5 -1.5 0.09)
(-1.75 -1.5 0.09)
(-1 -1.5 0.09)
(-0.25 -1.5 0.09)
(0.5 -1.5 0.09)
(1.25 -1.5 0.09)
(2 -1.5 0.09)
(2.75 -1.5 0.09)
(3.5 -1.5 0.09)
(4.25 -1.5 0.09)
(5 -1.5 0.09)
(5.75 -1.5 0.09)
(6.5 -1.5 0.09)
(7.25 -1.5 0.09)
(8 -1.5 0.09)
(8.75 -1.5 0.09)
(9.5 -1.5 0.09)
(10.25 -1.5 0.09)
(11 -1.5 0.09)
(11.75 -1.5 0.09)
(12.5 -1.5 0.09)
(13.25 -1.5 0.09)
(14 -1.5 0.09)
(14.75 -1.5 0.09)
(15.5 -1.5 0.09)
(16.25 -1.5 0.09)
(17 -1.5 0.09)
(17.75 -1.5 0.09)
(18.5 -1.5 0.09)
(19.25 -1.5 0.09)
(20 -1.5 0.09)
(-10 -1 0.09)
(-9.25 -1 0.09)
(-8.5 -1 0.09)
(-7.75 -1 0.09)
(-7 -1 0.09)
(-6.25 -1 0.09)
(-5.5 -1 0.09)
(-4.75 -1 0.09)
(-4 -1 0.09)
(-3.25 -1 0.09)
(-2.5 -1 0.09)
(-1.75 -1 0.09)
(-1 -1 0.09)
(-0.25 -1 0.09)
(0.5 -1 0.09)
(1.25 -1 0.09)
(2 -1 0.09)
(2.75 -1 0.09)
(3.5 -1 0.09)
(4.25 -1 0.09)
(5 -1 0.09)
(5.75 -1 0.09)
(6.5 -1 0.09)
(7.25 -1 0.09)
(8 -1 0.09)
(8.75 -1 0.09)
(9.5 -1 0.09)
(10.25 -1 0.09)
(11 -1 0.09)
(11.75 -1 0.09)
(12.5 -1 0.09)
(13.25 -1 0.09)
(14 -1 0.09)
(14.75 -1 0.09)
(15.5 -1 0.09)
(16.25 -1 0.09)
(17 -1 0.09)
(17.75 -1 0.09)
(18.5 -1 0.09)
(19.25 -1 0.09)
(20 -1 0.09)
(-10 -0.5 0.09)
(-9.25 -0.5 0.09)
(-8.5 -0.5 0.09)
(-7.75 -0.5 0.09)
(-7 -0.5 0.09)
(-6.25 -0.5 0.09)
(-5.5 -0.5 0.09)
(-4.75 -0.5 0.09)
(-4 -0.5 0.09)
(-3.25 -0.5 0.09)
(-2.5 -0.5 0.09)
(-1.75 -0.5 0.09)
(-1 -0.5 0.09)
(-0.25 -0.5 0.09)
(0.5 -0.5 0.09)
(1.25 -0.5 0.09)
(2 -0.5 0.09)
(2.75 -0.5 0.09)
(3.5 -0.5 0.09)
(4.25 -0.5 0.09)
(5 -0.5 0.09)
(5.75 -0.5 0.09)
(6.5 -0.5 0.09)
(7.25 -0.5 0.09)
(8 -0.5 0.09)
(8.75 -0.5 0.09)
(9.5 -0.5 0.09)
(10.25 -0.5 0.09)
(11 -0.5 0.09)
(11.75 -0.5 0.09)
(12.5 -0.5 0.09)
(13.25 -0.5 0.09)
(14 -0.5 0.09)
(14.75 -0.5 0.09)
(15.5 -0.5 0.09)
(16.25 -0.5 0.09)
(17 -0.5 0.09)
(17.75 -0.5 0.09)
(18.5 -0.5 0.09)
(19.25 -0.5 0.09)
(20 -0.5 0.09)
(-10 0 0.09)
(-9.25 0 0.09)
(-8.5 0 0.09)
(-7.75 0 0.09)
(-7 0 0.09)
(-6.25 0 0.09)
(-5.5 0 0.09)
(-4.75 0 0.09)
(-4 0 0.09)
(-3.25 0 0.09)
(-2.5 0 0.09)
(-1.75 0 0.09)
(-1 0 0.09)
(-0.25 0 0.09)
(0.5 0 0.09)
(1.25 0 0.09)
(2 0 0.09)
(2.75 0 0.09)
(3.5 0 0.09)
(4.25 0 0.09)
(5 0 0.09)
(5.75 0 0.09)
(6.5 0 0.09)
(7.25 0 0.09)
(8 0 0.09)
(8.75 0 0.09)
(9.5 0 0.09)
(10.25 -7.401486831e-17 0.09)
(11 7.401486831e-17 0.09)
(11.75 0 0.09)
(12.5 0 0.09)
(13.25 0 0.09)
(14 -7.401486831e-17 0.09)
(14.75 7.401486831e-17 0.09)
(15.5 3.700743415e-17 0.09)
(16.25 0 0.09)
(17 -3.700743415e-17 0.09)
(17.75 -7.401486831e-17 0.09)
(18.5 7.401486831e-17 0.09)
(19.25 3.700743415e-17 0.09)
(20 0 0.09)
(-10 0.5 0.09)
(-9.25 0.5 0.09)
(-8.5 0.5 0.09)
(-7.75 0.5 0.09)
(-7 0.5 0.09)
(-6.25 0.5 0.09)
(-5.5 0.5 0.09)
(-4.75 0.5 0.09)
(-4 0.5 0.09)
(-3.25 0.5 0.09)
(-2.5 0.5 0.09)
(-1.75 0.5 0.09)
(-1 0.5 0.09)
(-0.25 0.5 0.09)
(0.5 0.5 0.09)
(1.25 0.5 0.09)
(2 0.5 0.09)
(2.75 0.5 0.09)
(3.5 0.5 0.09)
(4.25 0.5 0.09)
(5 0.5 0.09)
(5.75 0.5 0.09)
(6.5 0.5 0.09)
(7.25 0.5 0.09)
(8 0.5 0.09)
(8.75 0.5 0.09)
(9.5 0.5 0.09)
(10.25 0.5 0.09)
(11 0.5 0.09)
(11.75 0.5 0.09)
(12.5 0.5 0.09)
(13.25 0.5 0.09)
(14 0.5 0.09)
(14.75 0.5 0.09)
(15.5 0.5 0.09)
(16.25 0.5 0.09)
(17 0.5 0.09)
(17.75 0.5 0.09)
(18.5 0.5 0.09)
(19.25 0.5 0.09)
(20 0.5 0.09)
(-10 1 0.09)
(-9.25 1 0.09)
(-8.5 1 0.09)
(-7.75 1 0.09)
(-7 1 0.09)
(-6.25 1 0.09)
(-5.5 1 0.09)
(-4.75 1 0.09)
(-4 1 0.09)
(-3.25 1 0.09)
(-2.5 1 0.09)
(-1.75 1 0.09)
(-1 1 0.09)
(-0.25 1 0.09)
(0.5 1 0.09)
(1.25 1 0.09)
(2 1 0.09)
(2.75 1 0.09)
(3.5 1 0.09)
(4.25 1 0.09)
(5 1 0.09)
(5.75 1 0.09)
(6.5 1 0.09)
(7.25 1 0.09)
(8 1 0.09)
(8.75 1 0.09)
(9.5 1 0.09)
(10.25 1 0.09)
(11 1 0.09)
(11.75 1 0.09)
(12.5 1 0.09)
(13.25 1 0.09)
(14 1 0.09)
(14.75 1 0.09)
(15.5 1 0.09)
(16.25 1 0.09)
(17 1 0.09)
(17.75 1 0.09)
(18.5 1 0.09)
(19.25 1 0.09)
(20 1 0.09)
(-10 1.5 0.09)
(-9.25 1.5 0.09)
(-8.5 1.5 0.09)
(-7.75 1.5 0.09)
(-7 1.5 0.09)
(-6.25 1.5 0.09)
(-5.5 1.5 0.09)
(-4.75 1.5 0.09)
(-4 1.5 0.09)
(-3.25 1.5 0.09)
(-2.5 1.5 0.09)
(-1.75 1.5 0.09)
(-1 1.5 0.09)
(-0.25 1.5 0.09)
(0.5 1.5 0.09)
(1.25 1.5 0.09)
(2 1.5 0.09)
(2.75 1.5 0.09)
(3.5 1.5 0.09)
(4.25 1.5 0.09)
(5 1.5 0.09)
(5.75 1.5 0.09)
(6.5 1.5 0.09)
(7.25 1.5 0.09)
(8 1.5 0.09)
(8.75 1.5 0.09)
(9.5 1.5 0.09)
(10.25 1.5 0.09)
(11 1.5 0.09)
(11.75 1.5 0.09)
(12.5 1.5 0.09)
(13.25 1.5 0.09)
(14 1.5 0.09)
(14.75 1.5 0.09)
(15.5 1.5 0.09)
(16.25 1.5 0.09)
(17 1.5 0.09)
(17.75 1.5 0.09)
(18.5 1.5 0.09)
(19.25 1.5 0.09)
(20 1.5 0.09)
(-10 2 0.09)
(-9.25 2 0.09)
(-8.5 2 0.09)
(-7.75 2 0.09)
(-7 2 0.09)
(-6.25 2 0.09)
(-5.5 2 0.09)
(-4.75 2 0.09)
(-4 2 0.09)
(-3.25 2 0.09)
(-2.5 2 0.09)
(-1.75 2 0.09)
(-1 2 0.09)
(-0.25 2 0.09)
(0.5 2 0.09)
(1.25 2 0.09)
(2 2 0.09)
(2.75 2 0.09)
(3.5 2 0.09)
(4.25 2 0.09)
(5 2 0.09)
(5.75 2 0.09)
(6.5 2 0.09)
(7.25 2 0.09)
(8 2 0.09)
(8.75 2 0.09)
(9.5 2 0.09)
(10.25 2 0.09)
(11 2 0.09)
(11.75 2 0.09)
(12.5 2 0.09)
(13.25 2 0.09)
(14 2 0.09)
(14.75 2 0.09)
(15.5 2 0.09)
(16.25 2 0.09)
(17 2 0.09)
(17.75 2 0.09)
(18.5 2 0.09)
(19.25 2 0.09)
(20 2 0.09)
(-10 2.5 0.09)
(-9.25 2.5 0.09)
(-8.5 2.5 0.09)
(-7.75 2.5 0.09)
(-7 2.5 0.09)
(-6.25 2.5 0.09)
(-5.5 2.5 0.09)
(-4.75 2.5 0.09)
(-4 2.5 0.09)
(-3.25 2.5 0.09)
(-2.5 2.5 0.09)
(-1.75 2.5 0.09)
(-1 2.5 0.09)
(-0.25 2.5 0.09)
(0.5 2.5 0.09)
(1.25 2.5 0.09)
(2 2.5 0.09)
(2.75 2.5 0.09)
(3.5 2.5 0.09)
(4.25 2.5 0.09)
(5 2.5 0.09)
(5.75 2.5 0.09)
(6.5 2.5 0.09)
(7.25 2.5 0.09)
(8 2.5 0.09)
(8.75 2.5 0.09)
(9.5 2.5 0.09)
(10.25 2.5 0.09)
(11 2.5 0.09)
(11.75 2.5 0.09)
(12.5 2.5 0.09)
(13.25 2.5 0.09)
(14 2.5 0.09)
(14.75 2.5 0.09)
(15.5 2.5 0.09)
(16.25 2.5 0.09)
(17 2.5 0.09)
(17.75 2.5 0.09)
(18.5 2.5 0.09)
(19.25 2.5 0.09)
(20 2.5 0.09)
(-10 3 0.09)
(-9.25 3 0.09)
(-8.5 3 0.09)
(-7.75 3 0.09)
(-7 3 0.09)
(-6.25 3 0.09)
(-5.5 3 0.09)
(-4.75 3 0.09)
(-4 3 0.09)
(-3.25 3 0.09)
(-2.5 3 0.09)
(-1.75 3 0.09)
(-1 3 0.09)
(-0.25 3 0.09)
(0.5 3 0.09)
(1.25 3 0.09)
(2 3 0.09)
(2.75 3 0.09)
(3.5 3 0.09)
(4.25 3 0.09)
(5 3 0.09)
(5.75 3 0.09)
(6.5 3 0.09)
(7.25 3 0.09)
(8 3 0.09)
(8.75 3 0.09)
(9.5 3 0.09)
(10.25 3 0.09)
(11 3 0.09)
(11.75 3 0.09)
(12.5 3 0.09)
(13.25 3 0.09)
(14 3 0.09)
(14.75 3 0.09)
(15.5 3 0.09)
(16.25 3 0.09)
(17 3 0.09)
(17.75 3 0.09)
(18.5 3 0.09)
(19.25 3 0.09)
(20 3 0.09)
(-10 3.5 0.09)
(-9.25 3.5 0.09)
(-8.5 3.5 0.09)
(-7.75 3.5 0.09)
(-7 3.5 0.09)
(-6.25 3.5 0.09)
(-5.5 3.5 0.09)
(-4.75 3.5 0.09)
(-4 3.5 0.09)
(-3.25 3.5 0.09)
(-2.5 3.5 0.09)
(-1.75 3.5 0.09)
(-1 3.5 0.09)
(-0.25 3.5 0.09)
(0.5 3.5 0.09)
(1.25 3.5 0.09)
(2 3.5 0.09)
(2.75 3.5 0.09)
(3.5 3.5 0.09)
(4.25 3.5 0.09)
(5 3.5 0.09)
(5.75 3.5 0.09)
(6.5 3.5 0.09)
(7.25 3.5 0.09)
(8 3.5 0.09)
(8.75 3.5 0.09)
(9.5 3.5 0.09)
(10.25 3.5 0.09)
(11 3.5 0.09)
(11.75 3.5 0.09)
(12.5 3.5 0.09)
(13.25 3.5 0.09)
(14 3.5 0.09)
(14.75 3.5 0.09)
(15.5 3.5 0.09)
(16.25 3.5 0.09)
(17 3.5 0.09)
(17.75 3.5 0.09)
(18.5 3.5 0.09)
(19.25 3.5 0.09)
(20 3.5 0.09)
(-10 4 0.09)
(-9.25 4 0.09)
(-8.5 4 0.09)
(-7.75 4 0.09)
(-7 4 0.09)
(-6.25 4 0.09)
(-5.5 4 0.09)
(-4.75 4 0.09)
(-4 4 0.09)
(-3.25 4 0.09)
(-2.5 4 0.09)
(-1.75 4 0.09)
(-1 4 0.09)
(-0.25 4 0.09)
(0.5 4 0.09)
(1.25 4 0.09)
(2 4 0.09)
(2.75 4 0.09)
(3.5 4 0.09)
(4.25 4 0.09)
(5 4 0.09)
(5.75 4 0.09)
(6.5 4 0.09)
(7.25 4 0.09)
(8 4 0.09)
(8.75 4 0.09)
(9.5 4 0.09)
(10.25 4 0.09)
(11 4 0.09)
(11.75 4 0.09)
(12.5 4 0.09)
(13.25 4 0.09)
(14 4 0.09)
(14.75 4 0.09)
(15.5 4 0.09)
(16.25 4 0.09)
(17 4 0.09)
(17.75 4 0.09)
(18.5 4 0.09)
(19.25 4 0.09)
(20 4 0.09)
(-10 4.5 0.09)
(-9.25 4.5 0.09)
(-8.5 4.5 0.09)
(-7.75 4.5 0.09)
(-7 4.5 0.09)
(-6.25 4.5 0.09)
(-5.5 4.5 0.09)
(-4.75 4.5 0.09)
(-4 4.5 0.09)
(-3.25 4.5 0.09)
(-2.5 4.5 0.09)
(-1.75 4.5 0.09)
(-1 4.5 0.09)
(-0.25 4.5 0.09)
(0.5 4.5 0.09)
(1.25 4.5 0.09)
(2 4.5 0.09)
(2.75 4.5 0.09)
(3.5 4.5 0.09)
(4.25 4.5 0.09)
(5 4.5 0.09)
(5.75 4.5 0.09)
(6.5 4.5 0.09)
(7.25 4.5 0.09)
(8 4.5 0.09)
(8.75 4.5 0.09)
(9.5 4.5 0.09)
(10.25 4.5 0.09)
(11 4.5 0.09)
(11.75 4.5 0.09)
(12.5 4.5 0.09)
(13.25 4.5 0.09)
(14 4.5 0.09)
(14.75 4.5 0.09)
(15.5 4.5 0.09)
(16.25 4.5 0.09)
(17 4.5 0.09)
(17.75 4.5 0.09)
(18.5 4.5 0.09)
(19.25 4.5 0.09)
(20 4.5 0.09)
(-10 5 0.09)
(-9.25 5 0.09)
(-8.5 5 0.09)
(-7.75 5 0.09)
(-7 5 0.09)
(-6.25 5 0.09)
(-5.5 5 0.09)
(-4.75 5 0.09)
(-4 5 0.09)
(-3.25 5 0.09)
(-2.5 5 0.09)
(-1.75 5 0.09)
(-1 5 0.09)
(-0.25 5 0.09)
(0.5 5 0.09)
(1.25 5 0.09)
(2 5 0.09)
(2.75 5 0.09)
(3.5 5 0.09)
(4.25 5 0.09)
(5 5 0.09)
(5.75 5 0.09)
(6.5 5 0.09)
(7.25 5 0.09)
(8 5 0.09)
(8.75 5 0.09)
(9.5 5 0.09)
(10.25 5 0.09)
(11 5 0.09)
(11.75 5 0.09)
(12.5 5 0.09)
(13.25 5 0.09)
(14 5 0.09)
(14.75 5 0.09)
(15.5 5 0.09)
(16.25 5 0.09)
(17 5 0.09)
(17.75 5 0.09)
(18.5 5 0.09)
(19.25 5 0.09)
(20 5 0.09)
(-10 5.5 0.09)
(-9.25 5.5 0.09)
(-8.5 5.5 0.09)
(-7.75 5.5 0.09)
(-7 5.5 0.09)
(-6.25 5.5 0.09)
(-5.5 5.5 0.09)
(-4.75 5.5 0.09)
(-4 5.5 0.09)
(-3.25 5.5 0.09)
(-2.5 5.5 0.09)
(-1.75 5.5 0.09)
(-1 5.5 0.09)
(-0.25 5.5 0.09)
(0.5 5.5 0.09)
(1.25 5.5 0.09)
(2 5.5 0.09)
(2.75 5.5 0.09)
(3.5 5.5 0.09)
(4.25 5.5 0.09)
(5 5.5 0.09)
(5.75 5.5 0.09)
(6.5 5.5 0.09)
(7.25 5.5 0.09)
(8 5.5 0.09)
(8.75 5.5 0.09)
(9.5 5.5 0.09)
(10.25 5.5 0.09)
(11 5.5 0.09)
(11.75 5.5 0.09)
(12.5 5.5 0.09)
(13.25 5.5 0.09)
(14 5.5 0.09)
(14.75 5.5 0.09)
(15.5 5.5 0.09)
(16.25 5.5 0.09)
(17 5.5 0.09)
(17.75 5.5 0.09)
(18.5 5.5 0.09)
(19.25 5.5 0.09)
(20 5.5 0.09)
(-10 6 0.09)
(-9.25 6 0.09)
(-8.5 6 0.09)
(-7.75 6 0.09)
(-7 6 0.09)
(-6.25 6 0.09)
(-5.5 6 0.09)
(-4.75 6 0.09)
(-4 6 0.09)
(-3.25 6 0.09)
(-2.5 6 0.09)
(-1.75 6 0.09)
(-1 6 0.09)
(-0.25 6 0.09)
(0.5 6 0.09)
(1.25 6 0.09)
(2 6 0.09)
(2.75 6 0.09)
(3.5 6 0.09)
(4.25 6 0.09)
(5 6 0.09)
(5.75 6 0.09)
(6.5 6 0.09)
(7.25 6 0.09)
(8 6 0.09)
(8.75 6 0.09)
(9.5 6 0.09)
(10.25 6 0.09)
(11 6 0.09)
(11.75 6 0.09)
(12.5 6 0.09)
(13.25 6 0.09)
(14 6 0.09)
(14.75 6 0.09)
(15.5 6 0.09)
(16.25 6 0.09)
(17 6 0.09)
(17.75 6 0.09)
(18.5 6 0.09)
(19.25 6 0.09)
(20 6 0.09)
(-10 6.5 0.09)
(-9.25 6.5 0.09)
(-8.5 6.5 0.09)
(-7.75 6.5 0.09)
(-7 6.5 0.09)
(-6.25 6.5 0.09)
(-5.5 6.5 0.09)
(-4.75 6.5 0.09)
(-4 6.5 0.09)
(-3.25 6.5 0.09)
(-2.5 6.5 0.09)
(-1.75 6.5 0.09)
(-1 6.5 0.09)
(-0.25 6.5 0.09)
(0.5 6.5 0.09)
(1.25 6.5 0.09)
(2 6.5 0.09)
(2.75 6.5 0.09)
(3.5 6.5 0.09)
(4.25 6.5 0.09)
(5 6.5 0.09)
(5.75 6.5 0.09)
(6.5 6.5 0.09)
(7.25 6.5 0.09)
(8 6.5 0.09)
(8.75 6.5 0.09)
(9.5 6.5 0.09)
(10.25 6.5 0.09)
(11 6.5 0.09)
(11.75 6.5 0.09)
(12.5 6.5 0.09)
(13.25 6.5 0.09)
(14 6.5 0.09)
(14.75 6.5 0.09)
(15.5 6.5 0.09)
(16.25 6.5 0.09)
(17 6.5 0.09)
(17.75 6.5 0.09)
(18.5 6.5 0.09)
(19.25 6.5 0.09)
(20 6.5 0.09)
(-10 7 0.09)
(-9.25 7 0.09)
(-8.5 7 0.09)
(-7.75 7 0.09)
(-7 7 0.09)
(-6.25 7 0.09)
(-5.5 7 0.09)
(-4.75 7 0.09)
(-4 7 0.09)
(-3.25 7 0.09)
(-2.5 7 0.09)
(-1.75 7 0.09)
(-1 7 0.09)
(-0.25 7 0.09)
(0.5 7 0.09)
(1.25 7 0.09)
(2 7 0.09)
(2.75 7 0.09)
(3.5 7 0.09)
(4.25 7 0.09)
(5 7 0.09)
(5.75 7 0.09)
(6.5 7 0.09)
(7.25 7 0.09)
(8 7 0.09)
(8.75 7 0.09)
(9.5 7 0.09)
(10.25 7 0.09)
(11 7 0.09)
(11.75 7 0.09)
(12.5 7 0.09)
(13.25 7 0.09)
(14 7 0.09)
(14.75 7 0.09)
(15.5 7 0.09)
(16.25 7 0.09)
(17 7 0.09)
(17.75 7 0.09)
(18.5 7 0.09)
(19.25 7 0.09)
(20 7 0.09)
(-10 7.5 0.09)
(-9.25 7.5 0.09)
(-8.5 7.5 0.09)
(-7.75 7.5 0.09)
(-7 7.5 0.09)
(-6.25 7.5 0.09)
(-5.5 7.5 0.09)
(-4.75 7.5 0.09)
(-4 7.5 0.09)
(-3.25 7.5 0.09)
(-2.5 7.5 0.09)
(-1.75 7.5 0.09)
(-1 7.5 0.09)
(-0.25 7.5 0.09)
(0.5 7.5 0.09)
(1.25 7.5 0.09)
(2 7.5 0.09)
(2.75 7.5 0.09)
(3.5 7.5 0.09)
(4.25 7.5 0.09)
(5 7.5 0.09)
(5.75 7.5 0.09)
(6.5 7.5 0.09)
(7.25 7.5 0.09)
(8 7.5 0.09)
(8.75 7.5 0.09)
(9.5 7.5 0.09)
(10.25 7.5 0.09)
(11 7.5 0.09)
(11.75 7.5 0.09)
(12.5 7.5 0.09)
(13.25 7.5 0.09)
(14 7.5 0.09)
(14.75 7.5 0.09)
(15.5 7.5 0.09)
(16.25 7.5 0.09)
(17 7.5 0.09)
(17.75 7.5 0.09)
(18.5 7.5 0.09)
(19.25 7.5 0.09)
(20 7.5 0.09)
(-10 8 0.09)
(-9.25 8 0.09)
(-8.5 8 0.09)
(-7.75 8 0.09)
(-7 8 0.09)
(-6.25 8 0.09)
(-5.5 8 0.09)
(-4.75 8 0.09)
(-4 8 0.09)
(-3.25 8 0.09)
(-2.5 8 0.09)
(-1.75 8 0.09)
(-1 8 0.09)
(-0.25 8 0.09)
(0.5 8 0.09)
(1.25 8 0.09)
(2 8 0.09)
(2.75 8 0.09)
(3.5 8 0.09)
(4.25 8 0.09)
(5 8 0.09)
(5.75 8 0.09)
(6.5 8 0.09)
(7.25 8 0.09)
(8 8 0.09)
(8.75 8 0.09)
(9.5 8 0.09)
(10.25 8 0.09)
(11 8 0.09)
(11.75 8 0.09)
(12.5 8 0.09)
(13.25 8 0.09)
(14 8 0.09)
(14.75 8 0.09)
(15.5 8 0.09)
(16.25 8 0.09)
(17 8 0.09)
(17.75 8 0.09)
(18.5 8 0.09)
(19.25 8 0.09)
(20 8 0.09)
(-10 8.5 0.09)
(-9.25 8.5 0.09)
(-8.5 8.5 0.09)
(-7.75 8.5 0.09)
(-7 8.5 0.09)
(-6.25 8.5 0.09)
(-5.5 8.5 0.09)
(-4.75 8.5 0.09)
(-4 8.5 0.09)
(-3.25 8.5 0.09)
(-2.5 8.5 0.09)
(-1.75 8.5 0.09)
(-1 8.5 0.09)
(-0.25 8.5 0.09)
(0.5 8.5 0.09)
(1.25 8.5 0.09)
(2 8.5 0.09)
(2.75 8.5 0.09)
(3.5 8.5 0.09)
(4.25 8.5 0.09)
(5 8.5 0.09)
(5.75 8.5 0.09)
(6.5 8.5 0.09)
(7.25 8.5 0.09)
(8 8.5 0.09)
(8.75 8.5 0.09)
(9.5 8.5 0.09)
(10.25 8.5 0.09)
(11 8.5 0.09)
(11.75 8.5 0.09)
(12.5 8.5 0.09)
(13.25 8.5 0.09)
(14 8.5 0.09)
(14.75 8.5 0.09)
(15.5 8.5 0.09)
(16.25 8.5 0.09)
(17 8.5 0.09)
(17.75 8.5 0.09)
(18.5 8.5 0.09)
(19.25 8.5 0.09)
(20 8.5 0.09)
(-10 9 0.09)
(-9.25 9 0.09)
(-8.5 9 0.09)
(-7.75 9 0.09)
(-7 9 0.09)
(-6.25 9 0.09)
(-5.5 9 0.09)
(-4.75 9 0.09)
(-4 9 0.09)
(-3.25 9 0.09)
(-2.5 9 0.09)
(-1.75 9 0.09)
(-1 9 0.09)
(-0.25 9 0.09)
(0.5 9 0.09)
(1.25 9 0.09)
(2 9 0.09)
(2.75 9 0.09)
(3.5 9 0.09)
(4.25 9 0.09)
(5 9 0.09)
(5.75 9 0.09)
(6.5 9 0.09)
(7.25 9 0.09)
(8 9 0.09)
(8.75 9 0.09)
(9.5 9 0.09)
(10.25 9 0.09)
(11 9 0.09)
(11.75 9 0.09)
(12.5 9 0.09)
(13.25 9 0.09)
(14 9 0.09)
(14.75 9 0.09)
(15.5 9 0.09)
(16.25 9 0.09)
(17 9 0.09)
(17.75 9 0.09)
(18.5 9 0.09)
(19.25 9 0.09)
(20 9 0.09)
(-10 9.5 0.09)
(-9.25 9.5 0.09)
(-8.5 9.5 0.09)
(-7.75 9.5 0.09)
(-7 9.5 0.09)
(-6.25 9.5 0.09)
(-5.5 9.5 0.09)
(-4.75 9.5 0.09)
(-4 9.5 0.09)
(-3.25 9.5 0.09)
(-2.5 9.5 0.09)
(-1.75 9.5 0.09)
(-1 9.5 0.09)
(-0.25 9.5 0.09)
(0.5 9.5 0.09)
(1.25 9.5 0.09)
(2 9.5 0.09)
(2.75 9.5 0.09)
(3.5 9.5 0.09)
(4.25 9.5 0.09)
(5 9.5 0.09)
(5.75 9.5 0.09)
(6.5 9.5 0.09)
(7.25 9.5 0.09)
(8 9.5 0.09)
(8.75 9.5 0.09)
(9.5 9.5 0.09)
(10.25 9.5 0.09)
(11 9.5 0.09)
(11.75 9.5 0.09)
(12.5 9.5 0.09)
(13.25 9.5 0.09)
(14 9.5 0.09)
(14.75 9.5 0.09)
(15.5 9.5 0.09)
(16.25 9.5 0.09)
(17 9.5 0.09)
(17.75 9.5 0.09)
(18.5 9.5 0.09)
(19.25 9.5 0.09)
(20 9.5 0.09)
(-10 10 0.09)
(-9.25 10 0.09)
(-8.5 10 0.09)
(-7.75 10 0.09)
(-7 10 0.09)
(-6.25 10 0.09)
(-5.5 10 0.09)
(-4.75 10 0.09)
(-4 10 0.09)
(-3.25 10 0.09)
(-2.5 10 0.09)
(-1.75 10 0.09)
(-1 10 0.09)
(-0.25 10 0.09)
(0.5 10 0.09)
(1.25 10 0.09)
(2 10 0.09)
(2.75 10 0.09)
(3.5 10 0.09)
(4.25 10 0.09)
(5 10 0.09)
(5.75 10 0.09)
(6.5 10 0.09)
(7.25 10 0.09)
(8 10 0.09)
(8.75 10 0.09)
(9.5 10 0.09)
(10.25 10 0.09)
(11 10 0.09)
(11.75 10 0.09)
(12.5 10 0.09)
(13.25 10 0.09)
(14 10 0.09)
(14.75 10 0.09)
(15.5 10 0.09)
(16.25 10 0.09)
(17 10 0.09)
(17.75 10 0.09)
(18.5 10 0.09)
(19.25 10 0.09)
(20 10 0.09)
)


// ************************************************************************* //
